#Date        Time         gpu    pwr  gtemp  mtemp     sm    mem    enc    dec    jpg    ofa   mclk   pclk     fb   bar1   ccpm
#YYYYMMDD    HH:MM:SS     Idx      W      C      C      %      %      %      %      %      %    MHz    MHz     MB     MB     MB
 20260816    02:37:42       0     25     31      -      0      0      0      0      0      0    405    210  22597      4      0
 20260816    02:37:42       1     10     44      -      0      0      0      0      0      0    405    210  22597  22597      0
 20260816    02:37:43       0     25     31      -      0      0      0      0      0      0    405    210  22597      4      0
 20260816    02:37:43       1     10     44      -      0      0      0      0      0      0    405    210  22597  22597      0
 20260816    02:37:44       0     24     31      -      0      0      0      0      0      0    405    210  22597      4      0
 20260816    02:37:44       1     10     44      -      0      0      0      0      0      0    405    210  22597  22597      0
 20260816    02:37:45       0     24     31      -      0      0      0      0      0      0    405    210  22597      4      0
 20260816    02:37:45       1     10     44      -      0      0      0      0      0      0    405    210  22597  22597      0
 20260816    02:37:46       0     24     31      -      0      0      0      0      0      0    405    210  22597      4      0
 20260816    02:37:46       1     10     44      -      0      0      0      0      0      0    405    210  22597  22597      0
 20260816    02:37:47       0     24     31      -      0      0      0      0      0      0    405    210  22597      4      0
 20260816    02:37:47       1     10     44      -      0      0      0      0      0      0    405    210  22597  22597      0
 20260816    02:37:48       0     24     31      -      0      0      0      0      0      0    405    210  22597      4      0
 20260816    02:37:48       1     10     43      -      0      0      0      0      0      0    405    210  22597  22597      0
 20260816    02:37:49       0     24     31      -      0      0      0      0      0      0    405    210  22941      4      0
 20260816    02:37:49       1     10     43      -      0      0      0      0      0      0    405    210  22941  22941      0
 20260816    02:37:50       0    128     41      -    100     18      0      0      0      0   9501   1980  23289      4      0
 20260816    02:37:50       1    118     53      -    100     19      0      0      0      0   9501   1905  23289  23289      0
 20260816    02:37:51       0    294     42      -    100     16      0      0      0      0   9501   1980  23289      4      0
 20260816    02:37:51       1    278     54      -    100     17      0      0      0      0   9501   1920  23289  23289      0
 20260816    02:37:52       0    290     42      -    100     17      0      0      0      0   9501   1980  23289      4      0
 20260816    02:37:52       1    275     55      -    100     16      0      0      0      0   9501   1920  23289  23289      0
 20260816    02:37:53       0    291     43      -    100     17      0      0      0      0   9501   1980  23289      4      0
 20260816    02:37:53       1    276     56      -    100     17      0      0      0      0   9501   1920  23289  23289      0
 20260816    02:37:54       0    292     43      -    100     16      0      0      0      0   9501   1980  23289      4      0
 20260816    02:37:54       1    285     57      -    100     19      0      0      0      0   9501   1920  23289  23289      0
 20260816    02:37:55       0    297     44      -    100     16      0      0      0      0   9501   1980  23289      4      0
 20260816    02:37:55       1    278     57      -    100     16      0      0      0      0   9501   1920  23289  23289      0
 20260816    02:37:56       0    293     43      -    100     17      0      0      0      0   9501   1980  23289      4      0
 20260816    02:37:56       1    279     58      -    100     17      0      0      0      0   9501   1920  23289  23289      0
 20260816    02:37:57       0    299     44      -    100     17      0      0      0      0   9501   1980  23289      4      0
 20260816    02:37:57       1    287     59      -    100     17      0      0      0      0   9501   1920  23289  23289      0
 20260816    02:37:58       0    294     43      -    100     17      0      0      0      0   9501   1965  23289      4      0
 20260816    02:37:58       1    282     59      -    100     17      0      0      0      0   9501   1905  23289  23289      0
 20260816    02:37:59       0    292     43      -    100     17      0      0      0      0   9501   1965  23289      4      0
 20260816    02:37:59       1    280     59      -    100     17      0      0      0      0   9501   1905  23289  23289      0
 20260816    02:38:00       0    295     44      -    100     17      0      0      0      0   9501   1965  23289      4      0
 20260816    02:38:00       1    283     60      -    100     16      0      0      0      0   9501   1905  23289  23289      0
 20260816    02:38:01       0    290     44      -    100     17      0      0      0      0   9501   1965  23289      4      0
 20260816    02:38:01       1    279     60      -    100     16      0      0      0      0   9501   1905  23289  23289      0
 20260816    02:38:02       0    298     45      -    100     17      0      0      0      0   9501   1965  23289      4      0
 20260816    02:38:02       1    288     61      -    100     16      0      0      0      0   9501   1905  23289  23289      0
 20260816    02:38:03       0    292     44      -    100     17      0      0      0      0   9501   1965  23289      4      0
 20260816    02:38:03       1    281     61      -    100     16      0      0      0      0   9501   1905  23289  23289      0
#Date        Time         gpu    pwr  gtemp  mtemp     sm    mem    enc    dec    jpg    ofa   mclk   pclk     fb   bar1   ccpm
#YYYYMMDD    HH:MM:SS     Idx      W      C      C      %      %      %      %      %      %    MHz    MHz     MB     MB     MB
 20260816    02:38:04       0    293     44      -     97     19      0      0      0      0   9501   1965  23289      4      0
 20260816    02:38:04       1    282     61      -     97     19      0      0      0      0   9501   1905  23289  23289      0
 20260816    02:38:05       0    298     45      -    100     16      0      0      0      0   9501   1965  23289      4      0
 20260816    02:38:05       1    287     62      -    100     16      0      0      0      0   9501   1905  23289  23289      0
 20260816    02:38:06       0    292     45      -    100     17      0      0      0      0   9501   1965  23289      4      0
 20260816    02:38:06       1    282     62      -    100     17      0      0      0      0   9501   1905  23289  23289      0
 20260816    02:38:07       0    299     46      -    100     16      0      0      0      0   9501   1965  23289      4      0
 20260816    02:38:07       1    290     63      -    100     17      0      0      0      0   9501   1905  23289  23289      0
 20260816    02:38:08       0    294     45      -    100     18      0      0      0      0   9501   1965  23289      4      0
 20260816    02:38:08       1    283     63      -    100     19      0      0      0      0   9501   1905  23289  23289      0
 20260816    02:38:09       0    294     46      -    100     16      0      0      0      0   9501   1965  23289      4      0
 20260816    02:38:09       1    284     63      -    100     17      0      0      0      0   9501   1905  23289  23289      0
 20260816    02:38:10       0    300     46      -    100     16      0      0      0      0   9501   1965  23289      4      0
 20260816    02:38:10       1    290     64      -    100     17      0      0      0      0   9501   1905  23289  23289      0
 20260816    02:38:11       0    295     46      -    100     17      0      0      0      0   9501   1965  23289      4      0
 20260816    02:38:11       1    286     64      -    100     16      0      0      0      0   9501   1890  23289  23289      0
 20260816    02:38:12       0    297     47      -     98     28      0      0      0      0   9501   1965  23289      4      0
 20260816    02:38:12       1    291     65      -     98     29      0      0      0      0   9501   1890  23289  23289      0
 20260816    02:38:13       0    294     47      -    100     16      0      0      0      0   9501   1965  23289      4      0
 20260816    02:38:13       1    286     65      -    100     16      0      0      0      0   9501   1890  23289  23289      0
 20260816    02:38:14       0    295     47      -    100     16      0      0      0      0   9501   1965  23289      4      0
 20260816    02:38:14       1    287     65      -    100     16      0      0      0      0   9501   1890  23289  23289      0
 20260816    02:38:15       0    301     48      -    100     17      0      0      0      0   9501   1965  23289      4      0
 20260816    02:38:15       1    292     65      -    100     16      0      0      0      0   9501   1890  23289  23289      0
 20260816    02:38:16       0    292     48      -    100     17      0      0      0      0   9501   1965  23289      4      0
 20260816    02:38:16       1    284     65      -    100     17      0      0      0      0   9501   1890  23289  23289      0
 20260816    02:38:17       0    301     46      -    100     24      0      0      0      0   9501   1965  23289      4      0
 20260816    02:38:17       1    292     64      -     99     26      0      0      0      0   9501   1890  23289  23289      0
 20260816    02:38:18       0    293     48      -    100     16      0      0      0      0   9501   1965  23289      4      0
 20260816    02:38:18       1    286     65      -    100     17      0      0      0      0   9501   1890  23289  23289      0
 20260816    02:38:19       0    299     48      -     98     23      0      0      0      0   9501   1965  23289      4      0
 20260816    02:38:19       1    291     65      -     98     24      0      0      0      0   9501   1890  23289  23289      0
 20260816    02:38:20       0    297     48      -    100     16      0      0      0      0   9501   1965  23289      4      0
 20260816    02:38:20       1    290     66      -    100     16      0      0      0      0   9501   1890  23289  23289      0
 20260816    02:38:21       0    295     48      -    100     16      0      0      0      0   9501   1965  23289      4      0
 20260816    02:38:21       1    287     66      -    100     17      0      0      0      0   9501   1890  23289  23289      0
 20260816    02:38:22       0    296     47      -     89     24      0      0      0      0   9501   1965  23289      4      0
 20260816    02:38:22       1    287     64      -     81     23      0      0      0      0   9501   1890  23289  23289      0
 20260816    02:38:23       0    294     49      -    100     16      0      0      0      0   9501   1950  23289      4      0
 20260816    02:38:23       1    286     66      -    100     16      0      0      0      0   9501   1890  23289  23289      0
 20260816    02:38:24       0    292     48      -     98     21      0      0      0      0   9501   1950  23289      4      0
 20260816    02:38:24       1    287     66      -     99     21      0      0      0      0   9501   1890  23289  23289      0
 20260816    02:38:25       0    299     49      -    100     17      0      0      0      0   9501   1950  23289      4      0
 20260816    02:38:25       1    294     66      -    100     17      0      0      0      0   9501   1890  23289  23289      0
#Date        Time         gpu    pwr  gtemp  mtemp     sm    mem    enc    dec    jpg    ofa   mclk   pclk     fb   bar1   ccpm
#YYYYMMDD    HH:MM:SS     Idx      W      C      C      %      %      %      %      %      %    MHz    MHz     MB     MB     MB
 20260816    02:38:26       0    296     49      -    100     16      0      0      0      0   9501   1950  23289      4      0
 20260816    02:38:26       1    291     66      -    100     16      0      0      0      0   9501   1890  23289  23289      0
 20260816    02:38:27       0    293     49      -     85     22      0      0      0      0   9501   1950  23289      4      0
 20260816    02:38:27       1    288     65      -     85     22      0      0      0      0   9501   1890  23289  23289      0
 20260816    02:38:28       0    293     49      -     97     24      0      0      0      0   9501   1950  23289      4      0
 20260816    02:38:28       1    288     66      -     98     22      0      0      0      0   9501   1890  23289  23289      0
 20260816    02:38:29       0    291     49      -     98     19      0      0      0      0   9501   1950  23289      4      0
 20260816    02:38:29       1    286     66      -     99     19      0      0      0      0   9501   1890  23289  23289      0
 20260816    02:38:30       0    299     50      -    100     16      0      0      0      0   9501   1950  23289      4      0
 20260816    02:38:30       1    294     67      -    100     17      0      0      0      0   9501   1890  23289  23289      0
 20260816    02:38:31       0    296     50      -    100     16      0      0      0      0   9501   1950  23289      4      0
 20260816    02:38:31       1    291     67      -    100     17      0      0      0      0   9501   1890  23289  23289      0
 20260816    02:38:32       0    297     50      -    100     24      0      0      0      0   9501   1950  23289      4      0
 20260816    02:38:32       1    291     65      -    100     24      0      0      0      0   9501   1890  23289  23289      0
 20260816    02:38:33       0    294     50      -     97     27      0      0      0      0   9501   1950  23289      4      0
 20260816    02:38:33       1    289     66      -     98     26      0      0      0      0   9501   1890  23289  23289      0
 20260816    02:38:34       0    292     50      -    100     16      0      0      0      0   9501   1950  23289      4      0
 20260816    02:38:34       1    286     67      -    100     17      0      0      0      0   9501   1890  23289  23289      0
 20260816    02:38:35       0    297     50      -     98     22      0      0      0      0   9501   1950  23289      4      0
 20260816    02:38:35       1    291     67      -     98     21      0      0      0      0   9501   1890  23289  23289      0
 20260816    02:38:36       0    294     51      -    100     16      0      0      0      0   9501   1950  23289      4      0
 20260816    02:38:36       1    288     67      -    100     16      0      0      0      0   9501   1890  23289  23289      0
 20260816    02:38:37       0    298     50      -     81     30      0      0      0      0   9501   1950  23289      4      0
 20260816    02:38:37       1    291     66      -     80     29      0      0      0      0   9501   1890  23289  23289      0
 20260816    02:38:38       0    297     51      -    100     16      0      0      0      0   9501   1950  23289      4      0
 20260816    02:38:38       1    291     67      -    100     16      0      0      0      0   9501   1890  23289  23289      0
 20260816    02:38:39       0    296     51      -    100     16      0      0      0      0   9501   1950  23289      4      0
 20260816    02:38:39       1    290     67      -    100     16      0      0      0      0   9501   1890  23289  23289      0
 20260816    02:38:40       0    302     52      -    100     16      0      0      0      0   9501   1950  23289      4      0
 20260816    02:38:40       1    296     67      -    100     16      0      0      0      0   9501   1890  23289  23289      0
 20260816    02:38:41       0    294     51      -     97     24      0      0      0      0   9501   1950  23289      4      0
 20260816    02:38:41       1    287     67      -     98     24      0      0      0      0   9501   1890  23289  23289      0
 20260816    02:38:42       0    297     51      -     83     19      0      0      0      0   9501   1950  23289      4      0
 20260816    02:38:42       1    289     66      -     82     19      0      0      0      0   9501   1890  23289  23289      0
 20260816    02:38:43       0    300     52      -    100     16      0      0      0      0   9501   1950  23289      4      0
 20260816    02:38:43       1    293     67      -    100     17      0      0      0      0   9501   1890  23289  23289      0
 20260816    02:38:44       0    295     52      -    100     17      0      0      0      0   9501   1950  23289      4      0
 20260816    02:38:44       1    288     67      -    100     16      0      0      0      0   9501   1890  23289  23289      0
 20260816    02:38:45       0    303     53      -    100     16      0      0      0      0   9501   1950  23289      4      0
 20260816    02:38:45       1    297     68      -    100     16      0      0      0      0   9501   1890  23289  23289      0
 20260816    02:38:46       0    298     53      -    100     16      0      0      0      0   9501   1950  23289      4      0
 20260816    02:38:46       1    291     68      -    100     16      0      0      0      0   9501   1890  23289  23289      0
 20260816    02:38:47       0    296     52      -     84     19      0      0      0      0   9501   1950  23289      4      0
 20260816    02:38:47       1    289     67      -     84     18      0      0      0      0   9501   1890  23289  23289      0
#Date        Time         gpu    pwr  gtemp  mtemp     sm    mem    enc    dec    jpg    ofa   mclk   pclk     fb   bar1   ccpm
#YYYYMMDD    HH:MM:SS     Idx      W      C      C      %      %      %      %      %      %    MHz    MHz     MB     MB     MB
 20260816    02:38:48       0    297     53      -    100     16      0      0      0      0   9501   1950  23289      4      0
 20260816    02:38:48       1    290     68      -    100     16      0      0      0      0   9501   1890  23289  23289      0
 20260816    02:38:49       0    301     53      -    100     17      0      0      0      0   9501   1950  23289      4      0
 20260816    02:38:49       1    294     68      -    100     16      0      0      0      0   9501   1890  23289  23289      0
 20260816    02:38:50       0    301     53      -    100     18      0      0      0      0   9501   1950  23289      4      0
 20260816    02:38:50       1    293     68      -    100     18      0      0      0      0   9501   1890  23289  23289      0
 20260816    02:38:51       0    300     53      -    100     17      0      0      0      0   9501   1950  23289      4      0
 20260816    02:38:51       1    292     68      -    100     17      0      0      0      0   9501   1890  23289  23289      0
 20260816    02:38:52       0    296     53      -     97     21      0      0      0      0   9501   1950  23289      4      0
 20260816    02:38:52       1    288     68      -     97     20      0      0      0      0   9501   1890  23289  23289      0
 20260816    02:38:53       0    303     54      -    100     17      0      0      0      0   9501   1965  23289      4      0
 20260816    02:38:53       1    296     68      -    100     16      0      0      0      0   9501   1890  23289  23289      0
 20260816    02:38:54       0    299     54      -    100     16      0      0      0      0   9501   1965  23289      4      0
 20260816    02:38:54       1    291     68      -    100     17      0      0      0      0   9501   1890  23289  23289      0
 20260816    02:38:55       0    303     54      -    100     26      0      0      0      0   9501   1965  23289      4      0
 20260816    02:38:55       1    295     67      -     99     26      0      0      0      0   9501   1890  23289  23289      0
 20260816    02:38:56       0    299     55      -    100     16      0      0      0      0   9501   1965  23289      4      0
 20260816    02:38:56       1    290     68      -    100     17      0      0      0      0   9501   1890  23289  23289      0
 20260816    02:38:57       0    299     54      -    100     16      0      0      0      0   9501   1965  23289      4      0
 20260816    02:38:57       1    291     68      -    100     17      0      0      0      0   9501   1890  23289  23289      0
 20260816    02:38:58       0    304     55      -    100     16      0      0      0      0   9501   1965  23289      4      0
 20260816    02:38:58       1    295     68      -    100     16      0      0      0      0   9501   1890  23289  23289      0
 20260816    02:38:59       0    299     55      -    100     16      0      0      0      0   9501   1965  23289      4      0
 20260816    02:38:59       1    290     68      -    100     17      0      0      0      0   9501   1890  23289  23289      0
 20260816    02:39:00       0    306     55      -    100     16      0      0      0      0   9501   1965  23289      4      0
 20260816    02:39:00       1    298     68      -    100     17      0      0      0      0   9501   1890  23289  23289      0
 20260816    02:39:01       0    298     55      -     97     22      0      0      0      0   9501   1965  23289      4      0
 20260816    02:39:01       1    289     68      -     98     21      0      0      0      0   9501   1890  23289  23289      0
 20260816    02:39:02       0    301     56      -    100     19      0      0      0      0   9501   1965  23289      4      0
 20260816    02:39:02       1    291     68      -    100     18      0      0      0      0   9501   1890  23289  23289      0
 20260816    02:39:03       0    302     55      -    100     17      0      0      0      0   9501   1965  23289      4      0
 20260816    02:39:03       1    295     69      -    100     17      0      0      0      0   9501   1890  23289  23289      0
 20260816    02:39:04       0    301     56      -    100     18      0      0      0      0   9501   1965  23289      4      0
 20260816    02:39:04       1    291     69      -    100     18      0      0      0      0   9501   1890  23289  23289      0
 20260816    02:39:05       0    301     56      -    100     18      0      0      0      0   9501   1965  23289      4      0
 20260816    02:39:05       1    291     68      -    100     19      0      0      0      0   9501   1890  23289  23289      0
 20260816    02:39:06       0    304     56      -    100     16      0      0      0      0   9501   1965  23289      4      0
 20260816    02:39:06       1    294     68      -    100     17      0      0      0      0   9501   1890  23289  23289      0
 20260816    02:39:07       0    301     57      -    100     19      0      0      0      0   9501   1965  23289      4      0
 20260816    02:39:07       1    291     69      -    100     21      0      0      0      0   9501   1890  23289  23289      0
 20260816    02:39:08       0    301     56      -    100     17      0      0      0      0   9501   1965  23289      4      0
 20260816    02:39:08       1    292     68      -    100     16      0      0      0      0   9501   1890  23289  23289      0
 20260816    02:39:09       0    303     57      -    100     16      0      0      0      0   9501   1965  23289      4      0
 20260816    02:39:09       1    294     69      -    100     16      0      0      0      0   9501   1890  23289  23289      0
#Date        Time         gpu    pwr  gtemp  mtemp     sm    mem    enc    dec    jpg    ofa   mclk   pclk     fb   bar1   ccpm
#YYYYMMDD    HH:MM:SS     Idx      W      C      C      %      %      %      %      %      %    MHz    MHz     MB     MB     MB
 20260816    02:39:11       0    303     57      -     97     26      0      0      0      0   9501   1965  23289      4      0
 20260816    02:39:11       1    292     69      -     98     26      0      0      0      0   9501   1875  23289  23289      0
 20260816    02:39:12       0    305     57      -    100     16      0      0      0      0   9501   1965  23289      4      0
 20260816    02:39:12       1    292     69      -    100     17      0      0      0      0   9501   1875  23289  23289      0
 20260816    02:39:13       0    302     57      -    100     18      0      0      0      0   9501   1965  23289      4      0
 20260816    02:39:13       1    289     69      -    100     18      0      0      0      0   9501   1875  23289  23289      0
 20260816    02:39:14       0    302     57      -     98     16      0      0      0      0   9501   1965  23289      4      0
 20260816    02:39:14       1    288     69      -    100     16      0      0      0      0   9501   1875  23289  23289      0
 20260816    02:39:15       0    306     57      -    100     17      0      0      0      0   9501   1965  23289      4      0
 20260816    02:39:15       1    294     69      -    100     16      0      0      0      0   9501   1875  23289  23289      0
 20260816    02:39:16       0    301     58      -    100     21      0      0      0      0   9501   1965  23289      4      0
 20260816    02:39:16       1    287     69      -     93     20      0      0      0      0   9501   1875  23289  23289      0
 20260816    02:39:17       0    309     58      -     98     22      0      0      0      0   9501   1965  23289      4      0
 20260816    02:39:17       1    294     69      -     98     22      0      0      0      0   9501   1875  23289  23289      0
 20260816    02:39:18       0    303     58      -     98     23      0      0      0      0   9501   1965  23289      4      0
 20260816    02:39:18       1    288     69      -     98     23      0      0      0      0   9501   1875  23289  23289      0
 20260816    02:39:19       0    301     57      -    100     16      0      0      0      0   9501   1965  23289      4      0
 20260816    02:39:19       1    287     68      -    100     16      0      0      0      0   9501   1875  23289  23289      0
 20260816    02:39:20       0    307     58      -    100     16      0      0      0      0   9501   1965  23289      4      0
 20260816    02:39:20       1    293     69      -    100     16      0      0      0      0   9501   1875  23289  23289      0
 20260816    02:39:21       0    303     58      -    100     22      0      0      0      0   9501   1965  23289      4      0
 20260816    02:39:21       1    288     69      -    100     22      0      0      0      0   9501   1875  23289  23289      0
 20260816    02:39:22       0    309     58      -    100     16      0      0      0      0   9501   1965  23289      4      0
 20260816    02:39:22       1    295     69      -    100     16      0      0      0      0   9501   1875  23289  23289      0
 20260816    02:39:23       0    304     58      -    100     16      0      0      0      0   9501   1965  23289      4      0
 20260816    02:39:23       1    289     69      -    100     17      0      0      0      0   9501   1875  23289  23289      0
 20260816    02:39:24       0    302     58      -    100     17      0      0      0      0   9501   1965  23289      4      0
 20260816    02:39:24       1    287     69      -    100     16      0      0      0      0   9501   1875  23289  23289      0
 20260816    02:39:25       0    306     59      -    100     16      0      0      0      0   9501   1965  23289      4      0
 20260816    02:39:25       1    292     69      -    100     17      0      0      0      0   9501   1875  23289  23289      0
 20260816    02:39:26       0    305     58      -    100     24      0      0      0      0   9501   1965  23289      4      0
 20260816    02:39:26       1    290     69      -    100     23      0      0      0      0   9501   1875  23289  23289      0
 20260816    02:39:27       0    313     60      -    100     16      0      0      0      0   9501   1965  23289      4      0
 20260816    02:39:27       1    291     69      -    100     17      0      0      0      0   9501   1875  23289  23289      0
 20260816    02:39:28       0    313     59      -    100     16      0      0      0      0   9501   1965  23289      4      0
 20260816    02:39:28       1    289     69      -    100     17      0      0      0      0   9501   1875  23289  23289      0
 20260816    02:39:29       0    309     59      -    100     17      0      0      0      0   9501   1965  23289      4      0
 20260816    02:39:29       1    287     69      -    100     16      0      0      0      0   9501   1875  23289  23289      0
 20260816    02:39:30       0    316     60      -    100     17      0      0      0      0   9501   1965  23289      4      0
 20260816    02:39:30       1    293     69      -    100     16      0      0      0      0   9501   1875  23289  23289      0
 20260816    02:39:31       0    311     60      -     97     26      0      0      0      0   9501   1965  23289      4      0
 20260816    02:39:31       1    289     69      -     98     26      0      0      0      0   9501   1875  23289  23289      0
 20260816    02:39:32       0    315     60      -    100     17      0      0      0      0   9501   1965  23289      4      0
 20260816    02:39:32       1    291     69      -    100     16      0      0      0      0   9501   1875  23289  23289      0
#Date        Time         gpu    pwr  gtemp  mtemp     sm    mem    enc    dec    jpg    ofa   mclk   pclk     fb   bar1   ccpm
#YYYYMMDD    HH:MM:SS     Idx      W      C      C      %      %      %      %      %      %    MHz    MHz     MB     MB     MB
 20260816    02:39:33       0    307     60      -    100     16      0      0      0      0   9501   1965  23289      4      0
 20260816    02:39:33       1    284     69      -    100     17      0      0      0      0   9501   1875  23289  23289      0
 20260816    02:39:34       0    314     60      -    100     17      0      0      0      0   9501   1965  23289      4      0
 20260816    02:39:34       1    290     69      -    100     18      0      0      0      0   9501   1875  23289  23289      0
 20260816    02:39:35       0    313     61      -    100     16      0      0      0      0   9501   1965  23289      4      0
 20260816    02:39:35       1    290     70      -    100     16      0      0      0      0   9501   1875  23289  23289      0
 20260816    02:39:36       0    309     61      -    100     16      0      0      0      0   9501   1965  23289      4      0
 20260816    02:39:36       1    286     69      -    100     16      0      0      0      0   9501   1875  23289  23289      0
 20260816    02:39:37       0    320     61      -     98     23      0      0      0      0   9501   1965  23289      4      0
 20260816    02:39:37       1    295     70      -     98     21      0      0      0      0   9501   1875  23289  23289      0
 20260816    02:39:38       0    315     61      -     97     20      0      0      0      0   9501   1965  23289      4      0
 20260816    02:39:38       1    290     70      -     97     20      0      0      0      0   9501   1875  23289  23289      0
 20260816    02:39:39       0    312     61      -    100     16      0      0      0      0   9501   1965  23289      4      0
 20260816    02:39:39       1    288     69      -    100     16      0      0      0      0   9501   1875  23289  23289      0
 20260816    02:39:40       0    318     62      -    100     17      0      0      0      0   9501   1965  23289      4      0
 20260816    02:39:40       1    294     70      -    100     17      0      0      0      0   9501   1875  23289  23289      0
 20260816    02:39:41       0    315     62      -    100     18      0      0      0      0   9501   1965  23289      4      0
 20260816    02:39:41       1    290     70      -    100     18      0      0      0      0   9501   1875  23289  23289      0
 20260816    02:39:42       0    318     62      -    100     18      0      0      0      0   9501   1965  23289      4      0
 20260816    02:39:42       1    292     70      -    100     18      0      0      0      0   9501   1875  23289  23289      0
 20260816    02:39:43       0    314     62      -    100     18      0      0      0      0   9501   1965  23289      4      0
 20260816    02:39:43       1    288     70      -    100     18      0      0      0      0   9501   1875  23289  23289      0
 20260816    02:39:44       0    315     61      -     98     18      0      0      0      0   9501   1965  23289      4      0
 20260816    02:39:44       1    289     69      -    100     16      0      0      0      0   9501   1875  23289  23289      0
 20260816    02:39:45       0    313     62      -    100     16      0      0      0      0   9501   1965  23289      4      0
 20260816    02:39:45       1    287     70      -    100     16      0      0      0      0   9501   1875  23289  23289      0
 20260816    02:39:46       0    315     62      -    100     26      0      0      0      0   9501   1965  23289      4      0
 20260816    02:39:46       1    288     69      -     99     27      0      0      0      0   9501   1875  23289  23289      0
 20260816    02:39:47       0    321     63      -     99     26      0      0      0      0   9501   1965  23289      4      0
 20260816    02:39:47       1    294     70      -     98     28      0      0      0      0   9501   1875  23289  23289      0
 20260816    02:39:48       0    311     62      -     98     20      0      0      0      0   9501   1965  23289      4      0
 20260816    02:39:48       1    286     70      -     98     20      0      0      0      0   9501   1875  23289  23289      0
 20260816    02:39:49       0    314     62      -    100     19      0      0      0      0   9501   1965  23289      4      0
 20260816    02:39:49       1    289     69      -    100     21      0      0      0      0   9501   1875  23289  23289      0
 20260816    02:39:50       0    313     62      -    100     16      0      0      0      0   9501   1965  23289      4      0
 20260816    02:39:50       1    287     69      -    100     17      0      0      0      0   9501   1875  23289  23289      0
 20260816    02:39:51       0    314     63      -    100     16      0      0      0      0   9501   1965  23289      4      0
 20260816    02:39:51       1    288     70      -    100     16      0      0      0      0   9501   1875  23289  23289      0
 20260816    02:39:52       0    322     63      -    100     25      0      0      0      0   9501   1965  23289      4      0
 20260816    02:39:52       1    295     70      -    100     25      0      0      0      0   9501   1875  23289  23289      0
 20260816    02:39:53       0    316     63      -     98     22      0      0      0      0   9501   1965  23289      4      0
 20260816    02:39:53       1    288     70      -     98     22      0      0      0      0   9501   1875  23289  23289      0
 20260816    02:39:54       0    324     63      -     98     18      0      0      0      0   9501   1965  23289      4      0
 20260816    02:39:54       1    293     69      -    100     17      0      0      0      0   9501   1875  23289  23289      0
#Date        Time         gpu    pwr  gtemp  mtemp     sm    mem    enc    dec    jpg    ofa   mclk   pclk     fb   bar1   ccpm
#YYYYMMDD    HH:MM:SS     Idx      W      C      C      %      %      %      %      %      %    MHz    MHz     MB     MB     MB
 20260816    02:39:55       0    316     63      -    100     17      0      0      0      0   9501   1965  23289      4      0
 20260816    02:39:55       1    286     69      -    100     16      0      0      0      0   9501   1875  23289  23289      0
 20260816    02:39:56       0    314     63      -    100     17      0      0      0      0   9501   1965  23289      4      0
 20260816    02:39:56       1    287     70      -    100     16      0      0      0      0   9501   1875  23289  23289      0
 20260816    02:39:57       0    323     64      -    100     19      0      0      0      0   9501   1965  23289      4      0
 20260816    02:39:57       1    293     70      -    100     19      0      0      0      0   9501   1875  23289  23289      0
 20260816    02:39:58       0    318     64      -     85     19      0      0      0      0   9501   1965  23289      4      0
 20260816    02:39:58       1    289     70      -     85     20      0      0      0      0   9501   1875  23289  23289      0
 20260816    02:39:59       0    320     63      -    100     16      0      0      0      0   9501   1965  23289      4      0
 20260816    02:39:59       1    292     70      -    100     16      0      0      0      0   9501   1875  23289  23289      0
 20260816    02:40:00       0    316     63      -    100     16      0      0      0      0   9501   1950  23289      4      0
 20260816    02:40:00       1    288     70      -    100     16      0      0      0      0   9501   1875  23289  23289      0
 20260816    02:40:01       0    313     63      -    100     16      0      0      0      0   9501   1950  23289      4      0
 20260816    02:40:01       1    287     70      -    100     17      0      0      0      0   9501   1875  23289  23289      0
 20260816    02:40:02       0    318     64      -    100     16      0      0      0      0   9501   1950  23289      4      0
 20260816    02:40:02       1    293     70      -    100     16      0      0      0      0   9501   1875  23289  23289      0
 20260816    02:40:03       0    315     64      -     84     23      0      0      0      0   9501   1950  23289      4      0
 20260816    02:40:03       1    290     70      -     84     22      0      0      0      0   9501   1875  23289  23289      0
 20260816    02:40:04       0    320     64      -     98     18      0      0      0      0   9501   1950  23289      4      0
 20260816    02:40:04       1    295     70      -     99     18      0      0      0      0   9501   1875  23289  23289      0
 20260816    02:40:05       0    312     64      -    100     16      0      0      0      0   9501   1950  23289      4      0
 20260816    02:40:05       1    288     70      -    100     16      0      0      0      0   9501   1875  23289  23289      0
 20260816    02:40:06       0    313     63      -    100     16      0      0      0      0   9501   1950  23289      4      0
 20260816    02:40:06       1    289     70      -    100     16      0      0      0      0   9501   1875  23289  23289      0
 20260816    02:40:07       0    317     63      -    100     21      0      0      0      0   9501   1950  23289      4      0
 20260816    02:40:07       1    293     70      -    100     22      0      0      0      0   9501   1875  23289  23289      0
 20260816    02:40:08       0    316     63      -     79     37      0      0      0      0   9501   1950  23289      4      0
 20260816    02:40:08       1    291     70      -     79     35      0      0      0      0   9501   1875  23289  23289      0
 20260816    02:40:09       0    319     63      -    100     16      0      0      0      0   9501   1950  23289      4      0
 20260816    02:40:09       1    293     70      -    100     16      0      0      0      0   9501   1875  23289  23289      0
 20260816    02:40:10       0    312     63      -    100     16      0      0      0      0   9501   1950  23289      4      0
 20260816    02:40:10       1    286     69      -    100     16      0      0      0      0   9501   1875  23289  23289      0
 20260816    02:40:11       0    317     63      -    100     17      0      0      0      0   9501   1950  23289      4      0
 20260816    02:40:11       1    287     70      -    100     17      0      0      0      0   9501   1875  23289  23289      0
 20260816    02:40:12       0    312     62      -     84     22      0      0      0      0   9501   1950  23289      4      0
 20260816    02:40:12       1    288     69      -     84     22      0      0      0      0   9501   1875  23289  23289      0
 20260816    02:40:13       0    314     63      -    100     23      0      0      0      0   9501   1950  23289      4      0
 20260816    02:40:13       1    289     70      -    100     21      0      0      0      0   9501   1875  23289  23289      0
 20260816    02:40:14       0    312     62      -    100     18      0      0      0      0   9501   1950  23289      4      0
 20260816    02:40:14       1    286     70      -    100     18      0      0      0      0   9501   1875  23289  23289      0
 20260816    02:40:15       0    317     63      -    100     17      0      0      0      0   9501   1950  23289      4      0
 20260816    02:40:15       1    292     70      -    100     17      0      0      0      0   9501   1875  23289  23289      0
 20260816    02:40:16       0    315     63      -    100     16      0      0      0      0   9501   1950  23289      4      0
 20260816    02:40:16       1    290     70      -    100     16      0      0      0      0   9501   1875  23289  23289      0
#Date        Time         gpu    pwr  gtemp  mtemp     sm    mem    enc    dec    jpg    ofa   mclk   pclk     fb   bar1   ccpm
#YYYYMMDD    HH:MM:SS     Idx      W      C      C      %      %      %      %      %      %    MHz    MHz     MB     MB     MB
 20260816    02:40:17       0    316     62      -     98     26      0      0      0      0   9501   1950  23289      4      0
 20260816    02:40:17       1    290     69      -     99     27      0      0      0      0   9501   1875  23289  23289      0
 20260816    02:40:18       0    312     63      -    100     16      0      0      0      0   9501   1950  23289      4      0
 20260816    02:40:18       1    289     70      -    100     16      0      0      0      0   9501   1875  23289  23289      0
 20260816    02:40:19       0    313     62      -    100     23      0      0      0      0   9501   1950  23289      4      0
 20260816    02:40:19       1    288     69      -     99     23      0      0      0      0   9501   1875  23289  23289      0
 20260816    02:40:20       0    317     63      -    100     16      0      0      0      0   9501   1950  23289      4      0
 20260816    02:40:20       1    294     70      -    100     17      0      0      0      0   9501   1875  23289  23289      0
 20260816    02:40:21       0    314     63      -    100     16      0      0      0      0   9501   1950  23289      4      0
 20260816    02:40:21       1    290     70      -    100     16      0      0      0      0   9501   1875  23289  23289      0
 20260816    02:40:22       0    316     62      -     98     29      0      0      0      0   9501   1950  23289      4      0
 20260816    02:40:22       1    292     70      -     98     28      0      0      0      0   9501   1875  23289  23289      0
 20260816    02:40:23       0    312     62      -    100     16      0      0      0      0   9501   1950  23289      4      0
 20260816    02:40:23       1    289     70      -    100     17      0      0      0      0   9501   1875  23289  23289      0
 20260816    02:40:24       0    312     62      -    100     18      0      0      0      0   9501   1950  23289      4      0
 20260816    02:40:24       1    288     70      -    100     18      0      0      0      0   9501   1875  23289  23289      0
 20260816    02:40:25       0    316     62      -    100     16      0      0      0      0   9501   1950  23289      4      0
 20260816    02:40:25       1    292     70      -    100     16      0      0      0      0   9501   1875  23289  23289      0
 20260816    02:40:26       0    310     62      -    100     16      0      0      0      0   9501   1950  23289      4      0
 20260816    02:40:26       1    286     70      -    100     16      0      0      0      0   9501   1875  23289  23289      0
 20260816    02:40:27       0    314     62      -     97     20      0      0      0      0   9501   1950  23289      4      0
 20260816    02:40:27       1    289     70      -     99     20      0      0      0      0   9501   1875  23289  23289      0
 20260816    02:40:28       0    311     61      -     97     28      0      0      0      0   9501   1950  23289      4      0
 20260816    02:40:28       1    290     70      -     98     27      0      0      0      0   9501   1875  23289  23289      0
 20260816    02:40:29       0    311     62      -     98     23      0      0      0      0   9501   1950  23289      4      0
 20260816    02:40:29       1    290     70      -     99     23      0      0      0      0   9501   1875  23289  23289      0
 20260816    02:40:30       0    316     62      -    100     16      0      0      0      0   9501   1950  23289      4      0
 20260816    02:40:30       1    295     70      -    100     17      0      0      0      0   9501   1875  23289  23289      0
 20260816    02:40:31       0    313     62      -    100     16      0      0      0      0   9501   1950  23289      4      0
 20260816    02:40:31       1    290     70      -    100     16      0      0      0      0   9501   1875  23289  23289      0
 20260816    02:40:32       0    319     62      -    100     16      0      0      0      0   9501   1950  23289      4      0
 20260816    02:40:32       1    294     70      -    100     16      0      0      0      0   9501   1875  23289  23289      0
 20260816    02:40:33       0    312     62      -    100     16      0      0      0      0   9501   1950  23289      4      0
 20260816    02:40:33       1    288     70      -    100     17      0      0      0      0   9501   1875  23289  23289      0
 20260816    02:40:34       0    312     62      -    100     18      0      0      0      0   9501   1950  23289      4      0
 20260816    02:40:34       1    289     70      -    100     18      0      0      0      0   9501   1875  23289  23289      0
 20260816    02:40:35       0    317     61      -    100     24      0      0      0      0   9501   1950  23289      4      0
 20260816    02:40:35       1    293     70      -    100     25      0      0      0      0   9501   1875  23289  23289      0
 20260816    02:40:36       0    307     62      -     98     17      0      0      0      0   9501   1950  23289      4      0
 20260816    02:40:36       1    286     70      -     99     16      0      0      0      0   9501   1875  23289  23289      0
 20260816    02:40:37       0    317     62      -    100     17      0      0      0      0   9501   1950  23289      4      0
 20260816    02:40:37       1    294     70      -    100     17      0      0      0      0   9501   1875  23289  23289      0
 20260816    02:40:38       0    312     62      -    100     16      0      0      0      0   9501   1950  23289      4      0
 20260816    02:40:38       1    290     70      -    100     17      0      0      0      0   9501   1875  23289  23289      0
#Date        Time         gpu    pwr  gtemp  mtemp     sm    mem    enc    dec    jpg    ofa   mclk   pclk     fb   bar1   ccpm
#YYYYMMDD    HH:MM:SS     Idx      W      C      C      %      %      %      %      %      %    MHz    MHz     MB     MB     MB
 20260816    02:40:39       0    311     61      -    100     22      0      0      0      0   9501   1950  23289      4      0
 20260816    02:40:39       1    288     70      -    100     22      0      0      0      0   9501   1875  23289  23289      0
 20260816    02:40:40       0    317     62      -    100     16      0      0      0      0   9501   1950  23289      4      0
 20260816    02:40:40       1    295     70      -    100     16      0      0      0      0   9501   1875  23289  23289      0
 20260816    02:40:41       0    313     61      -    100     16      0      0      0      0   9501   1950  23289      4      0
 20260816    02:40:41       1    291     70      -    100     16      0      0      0      0   9501   1875  23289  23289      0
 20260816    02:40:42       0    319     62      -    100     16      0      0      0      0   9501   1950  23289      4      0
 20260816    02:40:42       1    297     71      -    100     16      0      0      0      0   9501   1875  23289  23289      0
 20260816    02:40:43       0    312     62      -    100     16      0      0      0      0   9501   1950  23289      4      0
 20260816    02:40:43       1    290     70      -    100     17      0      0      0      0   9501   1875  23289  23289      0
 20260816    02:40:44       0    310     61      -     96     21      0      0      0      0   9501   1950  23289      4      0
 20260816    02:40:44       1    288     70      -     98     19      0      0      0      0   9501   1875  23289  23289      0
 20260816    02:40:45       0    317     62      -    100     16      0      0      0      0   9501   1950  23289      4      0
 20260816    02:40:45       1    294     70      -    100     17      0      0      0      0   9501   1875  23289  23289      0
 20260816    02:40:46       0    311     61      -     98     19      0      0      0      0   9501   1950  23289      4      0
 20260816    02:40:46       1    288     70      -    100     17      0      0      0      0   9501   1875  23289  23289      0
 20260816    02:40:47       0    316     61      -    100     16      0      0      0      0   9501   1950  23289      4      0
 20260816    02:40:47       1    294     70      -    100     16      0      0      0      0   9501   1875  23289  23289      0
 20260816    02:40:48       0    314     61      -    100     16      0      0      0      0   9501   1950  23289      4      0
 20260816    02:40:48       1    292     71      -    100     16      0      0      0      0   9501   1875  23289  23289      0
 20260816    02:40:49       0    311     61      -    100     22      0      0      0      0   9501   1950  23289      4      0
 20260816    02:40:49       1    288     70      -     98     23      0      0      0      0   9501   1875  23289  23289      0
 20260816    02:40:50       0    316     61      -    100     16      0      0      0      0   9501   1950  23289      4      0
 20260816    02:40:50       1    293     70      -    100     16      0      0      0      0   9501   1875  23289  23289      0
 20260816    02:40:51       0    313     61      -    100     16      0      0      0      0   9501   1950  23289      4      0
 20260816    02:40:51       1    292     70      -    100     16      0      0      0      0   9501   1875  23289  23289      0
 20260816    02:40:52       0    316     62      -    100     17      0      0      0      0   9501   1950  23289      4      0
 20260816    02:40:52       1    294     71      -    100     26      0      0      0      0   9501   1875  23289  23289      0
 20260816    02:40:53       0    308     61      -    100     16      0      0      0      0   9501   1950  23289      4      0
 20260816    02:40:53       1    287     70      -    100     16      0      0      0      0   9501   1875  23289  23289      0
 20260816    02:40:54       0    309     60      -     79     16      0      0      0      0   9501   1950  23289      4      0
 20260816    02:40:54       1    288     70      -    100     18      0      0      0      0   9501   1875  23289  23289      0
 20260816    02:40:55       0    316     61      -    100     16      0      0      0      0   9501   1950  23289      4      0
 20260816    02:40:55       1    294     70      -    100     16      0      0      0      0   9501   1875  23289  23289      0
 20260816    02:40:56       0    310     61      -    100     16      0      0      0      0   9501   1950  23289      4      0
 20260816    02:40:56       1    289     70      -    100     19      0      0      0      0   9501   1875  23289  23289      0
 20260816    02:40:57       0    314     61      -    100     16      0      0      0      0   9501   1950  23289      4      0
 20260816    02:40:57       1    292     70      -    100     16      0      0      0      0   9501   1875  23289  23289      0
 20260816    02:40:58       0    311     61      -    100     16      0      0      0      0   9501   1950  23289      4      0
 20260816    02:40:58       1    290     70      -    100     16      0      0      0      0   9501   1875  23289  23289      0
 20260816    02:40:59       0    309     60      -     98     23      0      0      0      0   9501   1950  23289      4      0
 20260816    02:40:59       1    288     70      -     98     23      0      0      0      0   9501   1875  23289  23289      0
 20260816    02:41:00       0    314     61      -    100     16      0      0      0      0   9501   1950  23289      4      0
 20260816    02:41:00       1    293     70      -    100     16      0      0      0      0   9501   1875  23289  23289      0
#Date        Time         gpu    pwr  gtemp  mtemp     sm    mem    enc    dec    jpg    ofa   mclk   pclk     fb   bar1   ccpm
#YYYYMMDD    HH:MM:SS     Idx      W      C      C      %      %      %      %      %      %    MHz    MHz     MB     MB     MB
 20260816    02:41:01       0    312     61      -    100     16      0      0      0      0   9501   1950  23289      4      0
 20260816    02:41:01       1    292     71      -    100     16      0      0      0      0   9501   1875  23289  23289      0
 20260816    02:41:02       0    315     60      -    100     18      0      0      0      0   9501   1950  23289      4      0
 20260816    02:41:02       1    293     70      -    100     18      0      0      0      0   9501   1875  23289  23289      0
 20260816    02:41:03       0    313     61      -    100     16      0      0      0      0   9501   1950  23289      4      0
 20260816    02:41:03       1    291     70      -    100     17      0      0      0      0   9501   1875  23289  23289      0
 20260816    02:41:04       0    312     61      -     80     18      0      0      0      0   9501   1965  23289      4      0
 20260816    02:41:04       1    290     69      -     80     19      0      0      0      0   9501   1875  23289  23289      0
 20260816    02:41:05       0    314     61      -     97     27      0      0      0      0   9501   1965  23289      4      0
 20260816    02:41:05       1    288     71      -     98     27      0      0      0      0   9501   1875  23289  23289      0
 20260816    02:41:06       0    312     61      -    100     16      0      0      0      0   9501   1965  23289      4      0
 20260816    02:41:06       1    287     70      -    100     17      0      0      0      0   9501   1875  23289  23289      0
 20260816    02:41:07       0    321     61      -    100     17      0      0      0      0   9501   1965  23289      4      0
 20260816    02:41:07       1    297     71      -    100     17      0      0      0      0   9501   1875  23289  23289      0
 20260816    02:41:08       0    313     61      -    100     16      0      0      0      0   9501   1965  23289      4      0
 20260816    02:41:08       1    289     71      -    100     16      0      0      0      0   9501   1875  23289  23289      0
 20260816    02:41:09       0    314     60      -     63     11      0      0      0      0   9501   1965  23289      4      0
 20260816    02:41:09       1    290     69      -     69     12      0      0      0      0   9501   1875  23289  23289      0
 20260816    02:41:10       0    312     61      -     98     22      0      0      0      0   9501   1965  23289      4      0
 20260816    02:41:10       1    288     70      -     98     23      0      0      0      0   9501   1875  23289  23289      0
 20260816    02:41:11       0    315     61      -    100     16      0      0      0      0   9501   1965  23289      4      0
 20260816    02:41:11       1    289     70      -    100     16      0      0      0      0   9501   1875  23289  23289      0
 20260816    02:41:12       0    321     61      -    100     17      0      0      0      0   9501   1965  23289      4      0
 20260816    02:41:12       1    297     71      -    100     16      0      0      0      0   9501   1875  23289  23289      0
 20260816    02:41:13       0    315     61      -    100     16      0      0      0      0   9501   1965  23289      4      0
 20260816    02:41:13       1    291     71      -    100     16      0      0      0      0   9501   1875  23289  23289      0
 20260816    02:41:14       0    315     59      -     81     19      0      0      0      0   9501   1965  23289      4      0
 20260816    02:41:14       1    291     69      -     87     19      0      0      0      0   9501   1875  23289  23289      0
 20260816    02:41:15       0    316     61      -    100     16      0      0      0      0   9501   1965  23289      4      0
 20260816    02:41:15       1    291     71      -    100     16      0      0      0      0   9501   1875  23289  23289      0
 20260816    02:41:16       0    315     61      -    100     16      0      0      0      0   9501   1965  23289      4      0
 20260816    02:41:16       1    290     71      -    100     17      0      0      0      0   9501   1875  23289  23289      0
 20260816    02:41:17       0    322     61      -    100     16      0      0      0      0   9501   1965  23289      4      0
 20260816    02:41:17       1    296     71      -    100     16      0      0      0      0   9501   1875  23289  23289      0
 20260816    02:41:18       0    319     61      -    100     16      0      0      0      0   9501   1965  23289      4      0
 20260816    02:41:18       1    288     71      -    100     16      0      0      0      0   9501   1875  23289  23289      0
 20260816    02:41:19       0    315     61      -     77     16      0      0      0      0   9501   1965  23289      4      0
 20260816    02:41:19       1    289     70      -     77     15      0      0      0      0   9501   1875  23289  23289      0
 20260816    02:41:20       0    316     60      -    100     17      0      0      0      0   9501   1965  23289      4      0
 20260816    02:41:20       1    291     71      -    100     17      0      0      0      0   9501   1875  23289  23289      0
 20260816    02:41:21       0    316     61      -    100     17      0      0      0      0   9501   1965  23289      4      0
 20260816    02:41:21       1    291     71      -    100     16      0      0      0      0   9501   1875  23289  23289      0
 20260816    02:41:22       0    281     57      -    100     16      0      0      0      0   9501   1965  23289      4      0
 20260816    02:41:22       1    258     67      -    100     16      0      0      0      0   9501   1875  23289  23289      0
