# gpu    pwr  gtemp  mtemp     sm    mem    enc    dec    jpg    ofa   mclk   pclk     fb   bar1   ccpm 
# Idx      W      C      C      %      %      %      %      %      %    MHz    MHz     MB     MB     MB 
    0     25     31      -      0      0      0      0      0      0    405    210  23289      4      0 
    1     10     43      -      0      0      0      0      0      0    405    210  23289  23289      0 
    0     78     39      -      0      0      0      0      0      0   9501   1980  23289      4      0 
    1     67     52      -      0      0      0      0      0      0   9501   1905  23289  23289      0 
    0    351     42      -    100     96      0      0      0      0   9501   1980  23289      4      0 
    1    331     54      -    100     96      0      0      0      0   9501   1920  23289  23289      0 
    0    353     43      -    100     97      0      0      0      0   9501   1980  23289      4      0 
    1    332     55      -    100     97      0      0      0      0   9501   1920  23289  23289      0 
    0    353     43      -    100     96      0      0      0      0   9501   1980  23289      4      0 
    1    334     56      -    100     97      0      0      0      0   9501   1920  23289  23289      0 
    0    354     44      -    100     97      0      0      0      0   9501   1980  23289      4      0 
    1    334     56      -    100     97      0      0      0      0   9501   1920  23289  23289      0 
    0    354     44      -    100     97      0      0      0      0   9501   1980  23289      4      0 
    1    335     57      -    100     97      0      0      0      0   9501   1920  23289  23289      0 
    0    354     44      -    100     97      0      0      0      0   9501   1980  23289      4      0 
    1    336     58      -    100     97      0      0      0      0   9501   1920  23289  23289      0 
    0    353     44      -    100     97      0      0      0      0   9501   1965  23289      4      0 
    1    337     58      -    100     97      0      0      0      0   9501   1920  23289  23289      0 
    0    343     44      -    100     97      0      0      0      0   9501   1965  23289      4      0 
    1    328     59      -    100     97      0      0      0      0   9501   1920  23289  23289      0 
    0    353     44      -    100     96      0      0      0      0   9501   1965  23289      4      0 
    1    334     59      -    100     97      0      0      0      0   9501   1905  23289  23289      0 
    0    353     44      -    100     97      0      0      0      0   9501   1965  23289      4      0 
    1    336     60      -    100     97      0      0      0      0   9501   1905  23289  23289      0 
    0    353     45      -    100     97      0      0      0      0   9501   1965  23289      4      0 
    1    337     60      -    100     97      0      0      0      0   9501   1905  23289  23289      0 
    0    352     45      -    100     96      0      0      0      0   9501   1965  23289      4      0 
    1    336     61      -    100     96      0      0      0      0   9501   1905  23289  23289      0 
    0    353     45      -    100     96      0      0      0      0   9501   1965  23289      4      0 
    1    338     61      -    100     96      0      0      0      0   9501   1905  23289  23289      0 
    0    354     45      -    100     96      0      0      0      0   9501   1965  23289      4      0 
    1    338     62      -    100     96      0      0      0      0   9501   1905  23289  23289      0 
    0    354     46      -    100     96      0      0      0      0   9501   1965  23289      4      0 
    1    338     62      -    100     97      0      0      0      0   9501   1905  23289  23289      0 
    0    354     46      -    100     97      0      0      0      0   9501   1965  23289      4      0 
    1    339     63      -    100     96      0      0      0      0   9501   1905  23289  23289      0 
    0    354     46      -    100     96      0      0      0      0   9501   1965  23289      4      0 
    1    339     63      -    100     96      0      0      0      0   9501   1905  23289  23289      0 
    0    355     47      -    100     96      0      0      0      0   9501   1965  23289      4      0 
    1    340     64      -    100     96      0      0      0      0   9501   1890  23289  23289      0 
    0    355     47      -    100     96      0      0      0      0   9501   1965  23289      4      0 
    1    344     64      -    100     96      0      0      0      0   9501   1890  23289  23289      0 
    0    345     47      -    100     96      0      0      0      0   9501   1965  23289      4      0 
    1    336     65      -    100     96      0      0      0      0   9501   1890  23289  23289      0 
# gpu    pwr  gtemp  mtemp     sm    mem    enc    dec    jpg    ofa   mclk   pclk     fb   bar1   ccpm 
# Idx      W      C      C      %      %      %      %      %      %    MHz    MHz     MB     MB     MB 
    0    355     47      -    100     96      0      0      0      0   9501   1965  23289      4      0 
    1    344     65      -    100     96      0      0      0      0   9501   1890  23289  23289      0 
    0    356     48      -    100     96      0      0      0      0   9501   1965  23289      4      0 
    1    344     65      -    100     96      0      0      0      0   9501   1890  23289  23289      0 
    0    356     48      -    100     96      0      0      0      0   9501   1965  23289      4      0 
    1    345     65      -    100     97      0      0      0      0   9501   1890  23289  23289      0 
    0    355     48      -    100     96      0      0      0      0   9501   1965  23289      4      0 
    1    344     66      -    100     96      0      0      0      0   9501   1890  23289  23289      0 
    0    356     48      -    100     96      0      0      0      0   9501   1965  23289      4      0 
    1    345     66      -    100     96      0      0      0      0   9501   1890  23289  23289      0 
    0    356     48      -    100     96      0      0      0      0   9501   1965  23289      4      0 
    1    345     66      -    100     96      0      0      0      0   9501   1890  23289  23289      0 
    0    357     49      -    100     96      0      0      0      0   9501   1965  23289      4      0 
    1    346     67      -    100     96      0      0      0      0   9501   1890  23289  23289      0 
    0    357     49      -    100     96      0      0      0      0   9501   1965  23289      4      0 
    1    346     67      -    100     96      0      0      0      0   9501   1890  23289  23289      0 
    0    357     49      -    100     96      0      0      0      0   9501   1950  23289      4      0 
    1    347     67      -    100     96      0      0      0      0   9501   1890  23289  23289      0 
    0    357     49      -    100     96      0      0      0      0   9501   1950  23289      4      0 
    1    347     67      -    100     96      0      0      0      0   9501   1890  23289  23289      0 
    0    357     50      -    100     96      0      0      0      0   9501   1950  23289      4      0 
    1    347     67      -    100     96      0      0      0      0   9501   1890  23289  23289      0 
    0    356     50      -     93     87      0      0      0      0   9501   1950  23289      4      0 
    1    346     67      -     93     87      0      0      0      0   9501   1890  23289  23289      0 
    0    356     50      -    100     96      0      0      0      0   9501   1950  23289      4      0 
    1    346     67      -    100     96      0      0      0      0   9501   1890  23289  23289      0 
    0    358     50      -    100     96      0      0      0      0   9501   1950  23289      4      0 
    1    348     68      -    100     97      0      0      0      0   9501   1890  23289  23289      0 
    0    359     50      -    100     96      0      0      0      0   9501   1950  23289      4      0 
    1    348     68      -    100     96      0      0      0      0   9501   1890  23289  23289      0 
    0    359     50      -     98     95      0      0      0      0   9501   1950  23289      4      0 
    1    348     68      -     94     91      0      0      0      0   9501   1890  23289  23289      0 
    0    357     51      -    100     96      0      0      0      0   9501   1950  23289      4      0 
    1    347     68      -    100     96      0      0      0      0   9501   1890  23289  23289      0 
    0    359     51      -    100     96      0      0      0      0   9501   1950  23289      4      0 
    1    348     68      -    100     96      0      0      0      0   9501   1890  23289  23289      0 
    0    359     51      -    100     96      0      0      0      0   9501   1950  23289      4      0 
    1    349     68      -    100     96      0      0      0      0   9501   1890  23289  23289      0 
    0    359     52      -    100     96      0      0      0      0   9501   1950  23289      4      0 
    1    349     68      -    100     96      0      0      0      0   9501   1890  23289  23289      0 
    0    360     52      -    100     96      0      0      0      0   9501   1950  23289      4      0 
    1    349     68      -    100     96      0      0      0      0   9501   1890  23289  23289      0 
    0    360     52      -    100     96      0      0      0      0   9501   1950  23289      4      0 
    1    349     68      -    100     96      0      0      0      0   9501   1890  23289  23289      0 
# gpu    pwr  gtemp  mtemp     sm    mem    enc    dec    jpg    ofa   mclk   pclk     fb   bar1   ccpm 
# Idx      W      C      C      %      %      %      %      %      %    MHz    MHz     MB     MB     MB 
    0    361     52      -    100     96      0      0      0      0   9501   1950  23289      4      0 
    1    350     69      -    100     96      0      0      0      0   9501   1890  23289  23289      0 
    0    361     53      -    100     96      0      0      0      0   9501   1950  23289      4      0 
    1    350     69      -    100     96      0      0      0      0   9501   1890  23289  23289      0 
    0    351     53      -    100     96      0      0      0      0   9501   1950  23289      4      0 
    1    338     69      -    100     96      0      0      0      0   9501   1875  23289  23289      0 
    0    361     53      -    100     96      0      0      0      0   9501   1950  23289      4      0 
    1    344     69      -    100     96      0      0      0      0   9501   1875  23289  23289      0 
    0    361     53      -    100     96      0      0      0      0   9501   1950  23289      4      0 
    1    345     69      -    100     96      0      0      0      0   9501   1875  23289  23289      0 
    0    361     53      -    100     96      0      0      0      0   9501   1950  23289      4      0 
    1    345     69      -    100     96      0      0      0      0   9501   1875  23289  23289      0 
    0    354     54      -    100     96      0      0      0      0   9501   1950  23289      4      0 
    1    339     69      -    100     96      0      0      0      0   9501   1875  23289  23289      0 
    0    360     54      -    100     96      0      0      0      0   9501   1950  23289      4      0 
    1    345     69      -    100     96      0      0      0      0   9501   1875  23289  23289      0 
    0    360     54      -    100     96      0      0      0      0   9501   1965  23289      4      0 
    1    345     69      -    100     96      0      0      0      0   9501   1875  23289  23289      0 
    0    363     54      -    100     96      0      0      0      0   9501   1965  23289      4      0 
    1    345     69      -    100     96      0      0      0      0   9501   1875  23289  23289      0 
    0    364     54      -    100     96      0      0      0      0   9501   1965  23289      4      0 
    1    345     69      -    100     96      0      0      0      0   9501   1875  23289  23289      0 
    0    364     55      -    100     96      0      0      0      0   9501   1965  23289      4      0 
    1    345     69      -    100     96      0      0      0      0   9501   1875  23289  23289      0 
    0    364     55      -    100     96      0      0      0      0   9501   1965  23289      4      0 
    1    345     69      -    100     96      0      0      0      0   9501   1875  23289  23289      0 
    0    364     55      -    100     96      0      0      0      0   9501   1965  23289      4      0 
    1    345     70      -    100     96      0      0      0      0   9501   1875  23289  23289      0 
    0    355     55      -    100     96      0      0      0      0   9501   1965  23289      4      0 
    1    336     70      -    100     96      0      0      0      0   9501   1875  23289  23289      0 
    0    365     55      -    100     96      0      0      0      0   9501   1965  23289      4      0 
    1    346     70      -    100     96      0      0      0      0   9501   1875  23289  23289      0 
    0    365     56      -    100     96      0      0      0      0   9501   1965  23289      4      0 
    1    346     70      -    100     96      0      0      0      0   9501   1875  23289  23289      0 
    0    364     56      -    100     96      0      0      0      0   9501   1965  23289      4      0 
    1    346     70      -    100     96      0      0      0      0   9501   1875  23289  23289      0 
    0    363     56      -    100     96      0      0      0      0   9501   1965  23289      4      0 
    1    345     70      -    100     96      0      0      0      0   9501   1875  23289  23289      0 
    0    364     56      -    100     96      0      0      0      0   9501   1965  23289      4      0 
    1    346     70      -    100     96      0      0      0      0   9501   1875  23289  23289      0 
    0    364     56      -    100     96      0      0      0      0   9501   1965  23289      4      0 
    1    346     70      -    100     96      0      0      0      0   9501   1875  23289  23289      0 
    0    364     57      -    100     96      0      0      0      0   9501   1965  23289      4      0 
    1    346     70      -    100     96      0      0      0      0   9501   1875  23289  23289      0 
# gpu    pwr  gtemp  mtemp     sm    mem    enc    dec    jpg    ofa   mclk   pclk     fb   bar1   ccpm 
# Idx      W      C      C      %      %      %      %      %      %    MHz    MHz     MB     MB     MB 
    0    367     57      -    100     96      0      0      0      0   9501   1965  23289      4      0 
    1    346     70      -    100     96      0      0      0      0   9501   1875  23289  23289      0 
    0    367     57      -    100     96      0      0      0      0   9501   1965  23289      4      0 
    1    346     70      -    100     96      0      0      0      0   9501   1875  23289  23289      0 
    0    366     57      -    100     96      0      0      0      0   9501   1965  23289      4      0 
    1    346     70      -    100     96      0      0      0      0   9501   1875  23289  23289      0 
    0    367     57      -    100     96      0      0      0      0   9501   1965  23289      4      0 
    1    346     70      -    100     96      0      0      0      0   9501   1875  23289  23289      0 
    0    365     57      -     93     87      0      0      0      0   9501   1965  23289      4      0 
    1    345     70      -     93     87      0      0      0      0   9501   1875  23289  23289      0 
    0    367     58      -    100     96      0      0      0      0   9501   1965  23289      4      0 
    1    345     71      -    100     96      0      0      0      0   9501   1875  23289  23289      0 
    0    367     58      -    100     96      0      0      0      0   9501   1965  23289      4      0 
    1    347     71      -    100     96      0      0      0      0   9501   1875  23289  23289      0 
    0    367     58      -    100     96      0      0      0      0   9501   1965  23289      4      0 
    1    347     71      -    100     96      0      0      0      0   9501   1875  23289  23289      0 
    0    368     58      -    100     96      0      0      0      0   9501   1965  23289      4      0 
    1    348     71      -    100     96      0      0      0      0   9501   1875  23289  23289      0 
    0    366     59      -    100     96      0      0      0      0   9501   1965  23289      4      0 
    1    346     71      -    100     96      0      0      0      0   9501   1875  23289  23289      0 
    0    368     59      -    100     96      0      0      0      0   9501   1965  23289      4      0 
    1    347     71      -    100     96      0      0      0      0   9501   1875  23289  23289      0 
    0    368     59      -    100     96      0      0      0      0   9501   1965  23289      4      0 
    1    347     71      -    100     96      0      0      0      0   9501   1875  23289  23289      0 
    0    370     59      -    100     96      0      0      0      0   9501   1965  23289      4      0 
    1    347     71      -    100     96      0      0      0      0   9501   1875  23289  23289      0 
    0    371     60      -    100     96      0      0      0      0   9501   1965  23289      4      0 
    1    348     71      -    100     96      0      0      0      0   9501   1875  23289  23289      0 
    0    371     60      -    100     96      0      0      0      0   9501   1965  23289      4      0 
    1    348     71      -    100     96      0      0      0      0   9501   1875  23289  23289      0 
    0    364     60      -     99     23      0      0      0      0   9501   1965  23289      4      0 
    1    340     71      -    100     19      0      0      0      0   9501   1875  23289  23289      0 
    0    372     60      -    100     96      0      0      0      0   9501   1965  23289      4      0 
    1    348     71      -    100     96      0      0      0      0   9501   1875  23289  23289      0 
    0    372     60      -    100     96      0      0      0      0   9501   1965  23289      4      0 
    1    349     71      -    100     96      0      0      0      0   9501   1875  23289  23289      0 
    0    373     60      -    100     96      0      0      0      0   9501   1965  23289      4      0 
    1    348     72      -    100     96      0      0      0      0   9501   1875  23289  23289      0 
    0    371     61      -    100     96      0      0      0      0   9501   1965  23289      4      0 
    1    347     72      -    100     96      0      0      0      0   9501   1875  23289  23289      0 
    0    373     61      -    100     96      0      0      0      0   9501   1965  23289      4      0 
    1    348     72      -    100     96      0      0      0      0   9501   1875  23289  23289      0 
    0    373     61      -    100     96      0      0      0      0   9501   1965  23289      4      0 
    1    348     72      -    100     96      0      0      0      0   9501   1875  23289  23289      0 
# gpu    pwr  gtemp  mtemp     sm    mem    enc    dec    jpg    ofa   mclk   pclk     fb   bar1   ccpm 
# Idx      W      C      C      %      %      %      %      %      %    MHz    MHz     MB     MB     MB 
    0    373     61      -    100     96      0      0      0      0   9501   1965  23289      4      0 
    1    348     72      -    100     96      0      0      0      0   9501   1875  23289  23289      0 
    0    374     61      -    100     96      0      0      0      0   9501   1965  23289      4      0 
    1    348     72      -    100     96      0      0      0      0   9501   1875  23289  23289      0 
    0    374     62      -    100     96      0      0      0      0   9501   1965  23289      4      0 
    1    348     72      -    100     96      0      0      0      0   9501   1875  23289  23289      0 
    0    375     62      -    100     96      0      0      0      0   9501   1965  23289      4      0 
    1    348     72      -    100     96      0      0      0      0   9501   1875  23289  23289      0 
    0    375     62      -    100     96      0      0      0      0   9501   1965  23289      4      0 
    1    348     72      -    100     96      0      0      0      0   9501   1875  23289  23289      0 
    0    365     62      -    100     96      0      0      0      0   9501   1965  23289      4      0 
    1    339     72      -    100     96      0      0      0      0   9501   1875  23289  23289      0 
    0    374     62      -    100     96      0      0      0      0   9501   1965  23289      4      0 
    1    348     72      -    100     96      0      0      0      0   9501   1875  23289  23289      0 
    0    376     63      -    100     96      0      0      0      0   9501   1965  23289      4      0 
    1    349     72      -    100     96      0      0      0      0   9501   1875  23289  23289      0 
    0    377     63      -    100     96      0      0      0      0   9501   1965  23289      4      0 
    1    349     72      -    100     96      0      0      0      0   9501   1875  23289  23289      0 
