# gpu    pwr  gtemp  mtemp     sm    mem    enc    dec    jpg    ofa   mclk   pclk  pviol  tviol     fb   bar1   ccpm  sbecc  dbecc    pci  rxpci  txpci 
# Idx      W      C      C      %      %      %      %      %      %    MHz    MHz      %   bool     MB     MB     MB   errs   errs   errs   MB/s   MB/s 
    0     11     33      -      0      0      0      0      0      0    405    210      0      0  23439      4      0      -      -      0      0      0 
    1     10     47      -      0      0      0      0      0      0    405    210      0      0  23439  23439      0      -      -      0      0      0 
    0    107     43      -    100     17      0      0      0      0   9501   1980     46      0  23439      4      0      -      -      0   2520   3603 
    1    122     56      -    100     17      0      0      0      0   9501   1920     36      0  23439  23439      0      -      -      0   2797   2943 
    0    307     44      -     99     75      0      0      0      0   9501   1980      0      0  23439      4      0      -      -      0    767    788 
    1    289     57      -     99     74      0      0      0      0   9501   1920      0      0  23439  23439      0      -      -      0    658    673 
    0    317     45      -     99     74      0      0      0      0   9501   1980      0      0  23439      4      0      -      -      0    748    766 
    1    300     58      -     97     83      0      0      0      0   9501   1920      0      0  23439  23439      0      -      -      0    817    769 
    0    329     46      -    100     23      0      0      0      0   9501   1980      0      0  23439      4      0      -      -      0   2676   2886 
    1    312     59      -     99     61      0      0      0      0   9501   1920      0      0  23439  23439      0      -      -      0   2631   1635 
    0    321     46      -     99     49      0      0      0      0   9501   1980      0      0  23439      4      0      -      -      0    779    723 
    1    303     60      -    100     19      0      0      0      0   9501   1920      0      0  23439  23439      0      -      -      0    664    714 
    0    316     45      -     99     74      0      0      0      0   9501   1980      0      0  23439      4      0      -      -      0    766    760 
    1    300     60      -     99     75      0      0      0      0   9501   1905      0      0  23439  23439      0      -      -      0    743    708 
    0    327     46      -     97     83      0      0      0      0   9501   1980      0      0  23439      4      0      -      -      0   2618   2830 
    1    309     61      -     97     82      0      0      0      0   9501   1905      0      0  23439  23439      0      -      -      0   2613   2823 
    0    320     46      -    100     22      0      0      0      0   9501   1980      0      0  23439      4      0      -      -      0    775    683 
    1    301     62      -     99     54      0      0      0      0   9501   1905      0      0  23439  23439      0      -      -      0    654    692 
    0    316     46      -    100     20      0      0      0      0   9501   1980      0      0  23439      4      0      -      -      0    702    673 
    1    298     61      -     99     52      0      0      0      0   9501   1905      0      0  23439  23439      0      -      -      0    659    679 
    0    319     46      -     99     75      0      0      0      0   9501   1980      0      0  23439      4      0      -      -      0    778    746 
    1    303     62      -     99     73      0      0      0      0   9501   1905      0      0  23439  23439      0      -      -      0    739    708 
    0    324     47      -     99     37      0      0      0      0   9501   1965      0      0  23439      4      0      -      -      0   2873   2903 
    1    307     63      -     99     78      0      0      0      0   9501   1905      0      0  23439  23439      0      -      -      0   1334   1948 
    0    313     47      -     99     36      0      0      0      0   9501   1965      0      0  23439      4      0      -      -      0    719    691 
    1    300     63      -    100     29      0      0      0      0   9501   1905      0      0  23439  23439      0      -      -      0    659    699 
    0    317     46      -     98     77      0      0      0      0   9501   1965      0      0  23439      4      0      -      -      0    730    755 
    1    304     64      -     99     79      0      0      0      0   9501   1905      0      0  23439  23439      0      -      -      0    737    750 
    0    322     47      -     99     77      0      0      0      0   9501   1965      0      0  23439      4      0      -      -      0   2753   2997 
    1    308     64      -     99     45      0      0      0      0   9501   1905      0      0  23439  23439      0      -      -      0   2706   3346 
    0    319     48      -    100     32      0      0      0      0   9501   1965      0      0  23439      4      0      -      -      0    646    673 
    1    307     65      -     99     76      0      0      0      0   9501   1905      0      0  23439  23439      0      -      -      0    652    703 
    0    316     47      -     99     75      0      0      0      0   9501   1965      0      0  23439      4      0      -      -      0    763    767 
    1    303     65      -     99     74      0      0      0      0   9501   1890      0      0  23439  23439      0      -      -      0    750    741 
    0    322     48      -     99     77      0      0      0      0   9501   1965      0      0  23439      4      0      -      -      0   2494   2693 
    1    307     65      -     99     77      0      0      0      0   9501   1890      0      0  23439  23439      0      -      -      0   2489   2691 
    0    321     49      -     99     65      0      0      0      0   9501   1965      0      0  23439      4      0      -      -      0    747    721 
    1    305     66      -     99     51      0      0      0      0   9501   1890      0      0  23439  23439      0      -      -      0    664    672 
    0    319     49      -     99     75      0      0      0      0   9501   1965      0      0  23439      4      0      -      -      0    713    794 
    1    302     65      -     99     74      0      0      0      0   9501   1890      0      0  23439  23439      0      -      -      0    664    741 
    0    321     48      -     99     75      0      0      0      0   9501   1965      0      0  23439      4      0      -      -      0    777   1643 
    1    307     66      -     99     80      0      0      0      0   9501   1890      0      0  23439  23439      0      -      -      0   2487   2627 
    0    319     49      -     99     60      0      0      0      0   9501   1965      0      0  23439      4      0      -      -      0   2555   2760 
    1    304     66      -    100     20      0      0      0      0   9501   1890      0      0  23439  23439      0      -      -      0   1734    671 
# gpu    pwr  gtemp  mtemp     sm    mem    enc    dec    jpg    ofa   mclk   pclk  pviol  tviol     fb   bar1   ccpm  sbecc  dbecc    pci  rxpci  txpci 
# Idx      W      C      C      %      %      %      %      %      %    MHz    MHz      %   bool     MB     MB     MB   errs   errs   errs   MB/s   MB/s 
    0    320     49      -     99     74      0      0      0      0   9501   1965      0      0  23439      4      0      -      -      0    741    679 
    1    305     66      -     99     76      0      0      0      0   9501   1890      0      0  23439  23439      0      -      -      0    653    706 
    0    321     49      -     99     80      0      0      0      0   9501   1965      0      0  23439      4      0      -      -      0   2616   2772 
    1    307     66      -     98     77      0      0      0      0   9501   1890      0      0  23439  23439      0      -      -      0   2613   2825 
    0    323     49      -     99     67      0      0      0      0   9501   1965      0      0  23439      4      0      -      -      0   2509   2708 
    1    308     67      -    100     22      0      0      0      0   9501   1890      0      0  23439  23439      0      -      -      0   1262    707 
    0    318     50      -     99     43      0      0      0      0   9501   1965      0      0  23439      4      0      -      -      0    744    757 
    1    304     67      -    100     32      0      0      0      0   9501   1890      0      0  23439  23439      0      -      -      0    656    699 
    0    319     49      -     99     76      0      0      0      0   9501   1965      0      0  23439      4      0      -      -      0    776    690 
    1    304     66      -     99     76      0      0      0      0   9501   1890      0      0  23439  23439      0      -      -      0    819    771 
    0    326     50      -     99     61      0      0      0      0   9501   1965      0      0  23439      4      0      -      -      0    805    750 
    1    311     67      -     99     46      0      0      0      0   9501   1890      0      0  23439  23439      0      -      -      0   2501   2702 
    0    320     50      -     99     73      0      0      0      0   9501   1965      0      0  23439      4      0      -      -      0    747    660 
    1    305     67      -    100     22      0      0      0      0   9501   1890      0      0  23439  23439      0      -      -      0    595    664 
    0    319     50      -     99     55      0      0      0      0   9501   1965      0      0  23439      4      0      -      -      0    757    713 
    1    305     67      -     99     74      0      0      0      0   9501   1890      0      0  23439  23439      0      -      -      0    661    665 
    0    323     51      -     99     76      0      0      0      0   9501   1965      0      0  23439      4      0      -      -      0   2503   2618 
    1    307     67      -     99     77      0      0      0      0   9501   1890      0      0  23439  23439      0      -      -      0   2499   2702 
    0    324     51      -    100     22      0      0      0      0   9501   1965      0      0  23439      4      0      -      -      0    762    672 
    1    309     67      -     99     52      0      0      0      0   9501   1890      0      0  23439  23439      0      -      -      0    661    708 
    0    320     51      -     99     74      0      0      0      0   9501   1965      0      0  23439      4      0      -      -      0    759    720 
    1    305     67      -     99     72      0      0      0      0   9501   1890      0      0  23439  23439      0      -      -      0    657    754 
    0    324     51      -     99     75      0      0      0      0   9501   1965      0      0  23439      4      0      -      -      0   2498   1542 
    1    309     67      -    100     39      0      0      0      0   9501   1890      0      0  23439  23439      0      -      -      0   1591   2524 
    0    322     51      -     99     67      0      0      0      0   9501   1980      0      0  23439      4      0      -      -      0    774    674 
    1    308     67      -     99     73      0      0      0      0   9501   1890      0      0  23439  23439      0      -      -      0    695    666 
    0    320     51      -     99     75      0      0      0      0   9501   1980      0      0  23439      4      0      -      -      0    778    673 
    1    306     68      -     99     40      0      0      0      0   9501   1890      0      0  23439  23439      0      -      -      0    661    683 
    0    320     52      -    100     20      0      0      0      0   9501   1980      0      0  23439      4      0      -      -      0    825    714 
    1    307     68      -     98     74      0      0      0      0   9501   1890      0      0  23439  23439      0      -      -      0    710    706 
    0    323     52      -     99     76      0      0      0      0   9501   1980      0      0  23439      4      0      -      -      0    760    660 
    1    309     67      -     99     76      0      0      0      0   9501   1890      0      0  23439  23439      0      -      -      0    649    662 
    0    323     52      -     99     50      0      0      0      0   9501   1980      0      0  23439      4      0      -      -      0    779   1969 
    1    308     67      -    100     53      0      0      0      0   9501   1890      0      0  23439  23439      0      -      -      0   2512   2627 
    0    321     52      -     99     75      0      0      0      0   9501   1980      0      0  23439      4      0      -      -      0   2346   1641 
    1    307     68      -     99     75      0      0      0      0   9501   1890      0      0  23439  23439      0      -      -      0    692    706 
    0    321     53      -     99     62      0      0      0      0   9501   1980      0      0  23439      4      0      -      -      0    783    754 
    1    307     68      -     99     66      0      0      0      0   9501   1890      0      0  23439  23439      0      -      -      0    697    671 
    0    323     53      -     99     75      0      0      0      0   9501   1980      0      0  23439      4      0      -      -      0    793    714 
    1    308     68      -     99     75      0      0      0      0   9501   1890      0      0  23439  23439      0      -      -      0    651    742 
    0    325     53      -     99     76      0      0      0      0   9501   1980      0      0  23439      4      0      -      -      0   2708   2813 
    1    310     68      -     99     78      0      0      0      0   9501   1890      0      0  23439  23439      0      -      -      0   1107    665 
    0    321     54      -    100     23      0      0      0      0   9501   1980      0      0  23439      4      0      -      -      0    760    714 
    1    306     68      -    100     32      0      0      0      0   9501   1890      0      0  23439  23439      0      -      -      0    695    706 
# gpu    pwr  gtemp  mtemp     sm    mem    enc    dec    jpg    ofa   mclk   pclk  pviol  tviol     fb   bar1   ccpm  sbecc  dbecc    pci  rxpci  txpci 
# Idx      W      C      C      %      %      %      %      %      %    MHz    MHz      %   bool     MB     MB     MB   errs   errs   errs   MB/s   MB/s 
    0    322     53      -     99     76      0      0      0      0   9501   1980      0      0  23439      4      0      -      -      0    705    719 
    1    307     68      -     99     77      0      0      0      0   9501   1890      0      0  23439  23439      0      -      -      0    691    665 
    0    324     54      -     99     75      0      0      0      0   9501   1980      0      0  23439      4      0      -      -      0    773    675 
    1    308     68      -     99     74      0      0      0      0   9501   1890      0      0  23439  23439      0      -      -      0    724    755 
    0    321     54      -    100     22      0      0      0      0   9501   1980      0      0  23439      4      0      -      -      0    739    672 
    1    306     69      -    100     23      0      0      0      0   9501   1890      0      0  23439  23439      0      -      -      0    652    686 
    0    323     54      -     99     75      0      0      0      0   9501   1980      0      0  23439      4      0      -      -      0   2428   2675 
    1    308     68      -     99     76      0      0      0      0   9501   1890      0      0  23439  23439      0      -      -      0   2503   1772 
    0    324     54      -     99     47      0      0      0      0   9501   1980      0      0  23439      4      0      -      -      0    790    708 
    1    308     69      -     99     51      0      0      0      0   9501   1890      0      0  23439  23439      0      -      -      0    648    708 
    0    326     55      -    100     28      0      0      0      0   9501   1980      0      0  23439      4      0      -      -      0    781    723 
    1    310     69      -    100     32      0      0      0      0   9501   1890      0      0  23439  23439      0      -      -      0   2206   2910 
    0    326     55      -    100     21      0      0      0      0   9501   1980      0      0  23439      4      0      -      -      0    776    612 
    1    309     68      -    100     21      0      0      0      0   9501   1890      0      0  23439  23439      0      -      -      0   2516   2888 
    0    323     55      -     99     75      0      0      0      0   9501   1980      0      0  23439      4      0      -      -      0    789    674 
    1    306     69      -     99     76      0      0      0      0   9501   1890      0      0  23439  23439      0      -      -      0    648    741 
    0    328     55      -     99     77      0      0      0      0   9501   1980      0      0  23439      4      0      -      -      0    775    753 
    1    311     69      -     99     76      0      0      0      0   9501   1890      0      0  23439  23439      0      -      -      0    734    747 
    0    326     56      -     99     77      0      0      0      0   9501   1980      0      0  23439      4      0      -      -      0   1323   2895 
    1    309     69      -     99     81      0      0      0      0   9501   1890      0      0  23439  23439      0      -      -      0   2730   2892 
    0    325     55      -     99     74      0      0      0      0   9501   1980      0      0  23439      4      0      -      -      0    782    673 
    1    308     69      -     99     74      0      0      0      0   9501   1890      0      0  23439  23439      0      -      -      0    699    707 
    0    326     55      -     99     75      0      0      0      0   9501   1980      0      0  23439      4      0      -      -      0   1293   2629 
    1    309     69      -     99     75      0      0      0      0   9501   1890      0      0  23439  23439      0      -      -      0   2343   2529 
    0    325     56      -    100     19      0      0      0      0   9501   1980      0      0  23439      4      0      -      -      0    775    743 
    1    309     69      -    100     19      0      0      0      0   9501   1890      0      0  23439  23439      0      -      -      0   2416   2684 
    0    323     56      -     99     41      0      0      0      0   9501   1980      0      0  23439      4      0      -      -      0    755    713 
    1    307     69      -     99     45      0      0      0      0   9501   1890      0      0  23439  23439      0      -      -      0    662    715 
    0    328     56      -     98     74      0      0      0      0   9501   1980      0      0  23439      4      0      -      -      0    789   2304 
    1    311     69      -     99     77      0      0      0      0   9501   1890      0      0  23439  23439      0      -      -      0   2703   2910 
    0    327     56      -     99     37      0      0      0      0   9501   1980      0      0  23439      4      0      -      -      0    707    671 
    1    310     69      -     99     39      0      0      0      0   9501   1890      0      0  23439  23439      0      -      -      0    695    713 
    0    325     57      -     99     75      0      0      0      0   9501   1980      0      0  23439      4      0      -      -      0    755    713 
    1    307     69      -     99     77      0      0      0      0   9501   1890      0      0  23439  23439      0      -      -      0    695    706 
    0    329     57      -     99     51      0      0      0      0   9501   1980      0      0  23439      4      0      -      -      0    730    681 
    1    310     69      -     99     55      0      0      0      0   9501   1890      0      0  23439  23439      0      -      -      0    646    708 
    0    326     57      -     99     67      0      0      0      0   9501   1965      0      0  23439      4      0      -      -      0    746    713 
    1    310     70      -     99     63      0      0      0      0   9501   1890      0      0  23439  23439      0      -      -      0   1737   2539 
    0    324     57      -     99     47      0      0      0      0   9501   1965      0      0  23439      4      0      -      -      0   2518   2719 
    1    309     70      -     99     48      0      0      0      0   9501   1890      0      0  23439  23439      0      -      -      0   2494    903 
    0    324     57      -     99     75      0      0      0      0   9501   1965      0      0  23439      4      0      -      -      0    769    715 
    1    311     69      -    100     22      0      0      0      0   9501   1890      0      0  23439  23439      0      -      -      0    697    721 
    0    325     57      -     99     72      0      0      0      0   9501   1965      0      0  23439      4      0      -      -      0   2369   2649 
    1    311     69      -     99     75      0      0      0      0   9501   1890      0      0  23439  23439      0      -      -      0   1747    664 
# gpu    pwr  gtemp  mtemp     sm    mem    enc    dec    jpg    ofa   mclk   pclk  pviol  tviol     fb   bar1   ccpm  sbecc  dbecc    pci  rxpci  txpci 
# Idx      W      C      C      %      %      %      %      %      %    MHz    MHz      %   bool     MB     MB     MB   errs   errs   errs   MB/s   MB/s 
    0    324     58      -     99     62      0      0      0      0   9501   1965      0      0  23439      4      0      -      -      0    761    710 
    1    310     70      -     99     58      0      0      0      0   9501   1890      0      0  23439  23439      0      -      -      0    687    679 
    0    325     57      -    100     28      0      0      0      0   9501   1965      0      0  23439      4      0      -      -      0    711    693 
    1    309     70      -    100     24      0      0      0      0   9501   1890      0      0  23439  23439      0      -      -      0    656    700 
    0    324     58      -     99     76      0      0      0      0   9501   1965      0      0  23439      4      0      -      -      0    891    986 
    1    309     70      -     99     77      0      0      0      0   9501   1890      0      0  23439  23439      0      -      -      0    624    749 
    0    327     58      -     99     46      0      0      0      0   9501   1965      0      0  23439      4      0      -      -      0   2499   2698 
    1    311     70      -     99     47      0      0      0      0   9501   1890      0      0  23439  23439      0      -      -      0   2424   2693 
    0    327     59      -     99     79      0      0      0      0   9501   1965      0      0  23439      4      0      -      -      0    794    666 
    1    312     70      -     99     78      0      0      0      0   9501   1875      0      0  23439  23439      0      -      -      0    691    720 
    0    325     58      -    100     27      0      0      0      0   9501   1965      0      0  23439      4      0      -      -      0    694    747 
    1    310     69      -    100     24      0      0      0      0   9501   1875      0      0  23439  23439      0      -      -      0    691    707 
    0    326     58      -     99     71      0      0      0      0   9501   1965      0      0  23439      4      0      -      -      0   2535   2628 
    1    311     70      -     99     67      0      0      0      0   9501   1875      0      0  23439  23439      0      -      -      0   2611   2829 
    0    325     59      -     99     67      0      0      0      0   9501   1965      0      0  23439      4      0      -      -      0    785    673 
    1    311     70      -     99     72      0      0      0      0   9501   1875      0      0  23439  23439      0      -      -      0    656    669 
    0    328     58      -     99     75      0      0      0      0   9501   1965      0      0  23439      4      0      -      -      0    813    718 
    1    314     70      -     99     75      0      0      0      0   9501   1875      0      0  23439  23439      0      -      -      0    681    666 
    0    326     59      -     99     74      0      0      0      0   9501   1965      0      0  23439      4      0      -      -      0    777    716 
    1    311     70      -     99     73      0      0      0      0   9501   1875      0      0  23439  23439      0      -      -      0   1128   2654 
    0    325     59      -     99     68      0      0      0      0   9501   1965      0      0  23439      4      0      -      -      0    793    668 
    1    310     70      -     99     65      0      0      0      0   9501   1875      0      0  23439  23439      0      -      -      0    699    664 
    0    324     59      -     99     75      0      0      0      0   9501   1965      0      0  23439      4      0      -      -      0    752    688 
    1    309     70      -     99     73      0      0      0      0   9501   1875      0      0  23439  23439      0      -      -      0    615    701 
    0    327     59      -     99     68      0      0      0      0   9501   1965      0      0  23439      4      0      -      -      0   2333   2612 
    1    312     70      -     99     64      0      0      0      0   9501   1875      0      0  23439  23439      0      -      -      0   2414   2213 
    0    329     60      -     99     47      0      0      0      0   9501   1965      0      0  23439      4      0      -      -      0   2642   2901 
    1    313     70      -     99     50      0      0      0      0   9501   1875      0      0  23439  23439      0      -      -      0   2677   1776 
    0    325     60      -    100     37      0      0      0      0   9501   1965      0      0  23439      4      0      -      -      0    774    637 
    1    310     70      -     99     41      0      0      0      0   9501   1875      0      0  23439  23439      0      -      -      0    636    658 
    0    327     60      -     99     41      0      0      0      0   9501   1965      0      0  23439      4      0      -      -      0    761    654 
    1    311     71      -     99     40      0      0      0      0   9501   1875      0      0  23439  23439      0      -      -      0    593    665 
    0    326     60      -     99     75      0      0      0      0   9501   1965      0      0  23439      4      0      -      -      0    785    627 
    1    311     70      -     99     73      0      0      0      0   9501   1875      0      0  23439  23439      0      -      -      0    592    701 
    0    327     60      -     99     73      0      0      0      0   9501   1965      0      0  23439      4      0      -      -      0    769    745 
    1    311     71      -     99     71      0      0      0      0   9501   1875      0      0  23439  23439      0      -      -      0    764    608 
    0    330     60      -     99     73      0      0      0      0   9501   1965      0      0  23439      4      0      -      -      0    795    709 
    1    314     70      -     99     73      0      0      0      0   9501   1875      0      0  23439  23439      0      -      -      0   1416   2806 
    0    329     60      -     99     75      0      0      0      0   9501   1965      0      0  23439      4      0      -      -      0   2357   2501 
    1    311     71      -     99     66      0      0      0      0   9501   1875      0      0  23439  23439      0      -      -      0   2213   2829 
    0    327     60      -     99     67      0      0      0      0   9501   1965      0      0  23439      4      0      -      -      0   1481    714 
    1    310     70      -     99     63      0      0      0      0   9501   1875      0      0  23439  23439      0      -      -      0    648    665 
    0    327     61      -     99     72      0      0      0      0   9501   1965      0      0  23439      4      0      -      -      0    843    735 
    1    310     71      -     99     75      0      0      0      0   9501   1875      0      0  23439  23439      0      -      -      0    636    664 
# gpu    pwr  gtemp  mtemp     sm    mem    enc    dec    jpg    ofa   mclk   pclk  pviol  tviol     fb   bar1   ccpm  sbecc  dbecc    pci  rxpci  txpci 
# Idx      W      C      C      %      %      %      %      %      %    MHz    MHz      %   bool     MB     MB     MB   errs   errs   errs   MB/s   MB/s 
    0    327     61      -     99     74      0      0      0      0   9501   1965      0      0  23439      4      0      -      -      0    807   2241 
    1    310     70      -     99     74      0      0      0      0   9501   1875      0      0  23439  23439      0      -      -      0   2428   2676 
    0    330     61      -     99     52      0      0      0      0   9501   1965      0      0  23439      4      0      -      -      0   1977   2698 
    1    313     71      -     99     48      0      0      0      0   9501   1875      0      0  23439  23439      0      -      -      0   2461   2689 
    0    328     61      -     99     74      0      0      0      0   9501   1965      0      0  23439      4      0      -      -      0    731    722 
    1    312     71      -     99     74      0      0      0      0   9501   1875      0      0  23439  23439      0      -      -      0    670    664 
    0    331     61      -     99     75      0      0      0      0   9501   1965      0      0  23439      4      0      -      -      0    766    716 
    1    314     71      -     99     76      0      0      0      0   9501   1875      0      0  23439  23439      0      -      -      0    652    658 
    0    332     62      -     99     63      0      0      0      0   9501   1950      0      0  23439      4      0      -      -      0   2346   2469 
    1    315     71      -     99     67      0      0      0      0   9501   1875      0      0  23439  23439      0      -      -      0   1326    671 
    0    328     61      -     99     75      0      0      0      0   9501   1950      0      0  23439      4      0      -      -      0   2409   2632 
    1    313     70      -     99     75      0      0      0      0   9501   1875      0      0  23439  23439      0      -      -      0   2547   2732 
    0    328     62      -     99     48      0      0      0      0   9501   1950      0      0  23439      4      0      -      -      0    749    710 
    1    311     71      -     99     47      0      0      0      0   9501   1875      0      0  23439  23439      0      -      -      0    693    735 
    0    329     62      -     99     76      0      0      0      0   9501   1950      0      0  23439      4      0      -      -      0    780    713 
    1    312     71      -     99     77      0      0      0      0   9501   1875      0      0  23439  23439      0      -      -      0    662    665 
    0    329     62      -     99     74      0      0      0      0   9501   1950      0      0  23439      4      0      -      -      0    771    707 
    1    312     71      -     99     73      0      0      0      0   9501   1875      0      0  23439  23439      0      -      -      0    691    665 
    0    328     62      -     99     75      0      0      0      0   9501   1950      0      0  23439      4      0      -      -      0    771    676 
    1    311     71      -     99     76      0      0      0      0   9501   1875      0      0  23439  23439      0      -      -      0    655    714 
    0    331     63      -     99     59      0      0      0      0   9501   1950      0      0  23439      4      0      -      -      0    776    719 
    1    314     71      -     99     59      0      0      0      0   9501   1875      0      0  23439  23439      0      -      -      0   1752   2532 
    0    330     62      -     99     73      0      0      0      0   9501   1950      0      0  23439      4      0      -      -      0    804    712 
    1    312     71      -     99     74      0      0      0      0   9501   1875      0      0  23439  23439      0      -      -      0    691    704 
    0    328     63      -    100     25      0      0      0      0   9501   1950      0      0  23439      4      0      -      -      0    765    714 
    1    311     71      -    100     29      0      0      0      0   9501   1875      0      0  23439  23439      0      -      -      0    646   1103 
    0    333     63      -     99     61      0      0      0      0   9501   1950      0      0  23439      4      0      -      -      0   2429   2512 
    1    315     71      -     99     64      0      0      0      0   9501   1875      0      0  23439  23439      0      -      -      0   2423   1200 
    0    330     63      -     99     53      0      0      0      0   9501   1950      0      0  23439      4      0      -      -      0    752    724 
    1    312     71      -     99     58      0      0      0      0   9501   1875      0      0  23439  23439      0      -      -      0    710    686 
    0    331     64      -     99     71      0      0      0      0   9501   1950      0      0  23439      4      0      -      -      0   2493   2693 
    1    312     71      -     99     75      0      0      0      0   9501   1875      0      0  23439  23439      0      -      -      0   2490   2691 
    0    332     63      -     99     76      0      0      0      0   9501   1950      0      0  23439      4      0      -      -      0   2432   2635 
    1    313     71      -     99     73      0      0      0      0   9501   1875      0      0  23439  23439      0      -      -      0   2511   2627 
    0    328     64      -     99     53      0      0      0      0   9501   1950      0      0  23439      4      0      -      -      0    701    713 
    1    310     71      -     99     57      0      0      0      0   9501   1875      0      0  23439  23439      0      -      -      0    659    667 
    0    329     63      -     99     71      0      0      0      0   9501   1950      0      0  23439      4      0      -      -      0    779    747 
    1    311     71      -     99     74      0      0      0      0   9501   1875      0      0  23439  23439      0      -      -      0    734    751 
    0    332     64      -    100     20      0      0      0      0   9501   1950      0      0  23439      4      0      -      -      0    736    672 
    1    312     72      -    100     20      0      0      0      0   9501   1875      0      0  23439  23439      0      -      -      0    659    707 
    0    333     64      -     99     50      0      0      0      0   9501   1950      0      0  23439      4      0      -      -      0   2509   2708 
    1    313     72      -     99     47      0      0      0      0   9501   1875      0      0  23439  23439      0      -      -      0   2504   2707 
    0    332     63      -     98     75      0      0      0      0   9501   1950      0      0  23439      4      0      -      -      0    741    712 
    1    311     71      -     99     73      0      0      0      0   9501   1875      0      0  23439  23439      0      -      -      0    649    702 
# gpu    pwr  gtemp  mtemp     sm    mem    enc    dec    jpg    ofa   mclk   pclk  pviol  tviol     fb   bar1   ccpm  sbecc  dbecc    pci  rxpci  txpci 
# Idx      W      C      C      %      %      %      %      %      %    MHz    MHz      %   bool     MB     MB     MB   errs   errs   errs   MB/s   MB/s 
    0    331     64      -    100     35      0      0      0      0   9501   1950      0      0  23439      4      0      -      -      0    686    693 
    1    311     71      -    100     31      0      0      0      0   9501   1875      0      0  23439  23439      0      -      -      0   2435   2664 
    0    334     64      -     99     75      0      0      0      0   9501   1950      0      0  23439      4      0      -      -      0    766    737 
    1    313     71      -     99     75      0      0      0      0   9501   1875      0      0  23439  23439      0      -      -      0    667    639 
    0    330     63      -    100     20      0      0      0      0   9501   1950      0      0  23439      4      0      -      -      0    762    674 
    1    311     71      -    100     20      0      0      0      0   9501   1875      0      0  23439  23439      0      -      -      0    698    657 
    0    332     63      -    100     29      0      0      0      0   9501   1950      0      0  23439      4      0      -      -      0   2439   1046 
    1    313     71      -    100     25      0      0      0      0   9501   1875      0      0  23439  23439      0      -      -      0   1060    904 
    0    333     63      -     99     74      0      0      0      0   9501   1950      0      0  23439      4      0      -      -      0   2267   2443 
    1    313     71      -     99     73      0      0      0      0   9501   1875      0      0  23439  23439      0      -      -      0   2287    804 
    0    332     63      -     99     70      0      0      0      0   9501   1950      0      0  23439      4      0      -      -      0    742    753 
    1    312     71      -     99     70      0      0      0      0   9501   1875      0      0  23439  23439      0      -      -      0    697    700 
    0    330     63      -     99     78      0      0      0      0   9501   1950      0      0  23439      4      0      -      -      0   2475   2671 
    1    312     71      -     99     75      0      0      0      0   9501   1875      0      0  23439  23439      0      -      -      0   1763    658 
    0    328     63      -     99     76      0      0      0      0   9501   1950      0      0  23439      4      0      -      -      0    767    714 
    1    309     71      -     99     76      0      0      0      0   9501   1875      0      0  23439  23439      0      -      -      0    655    700 
    0    327     63      -     99     76      0      0      0      0   9501   1950      0      0  23439      4      0      -      -      0    750    666 
    1    307     71      -     99     75      0      0      0      0   9501   1875      0      0  23439  23439      0      -      -      0    647   1767 
    0    332     63      -     99     75      0      0      0      0   9501   1950      0      0  23439      4      0      -      -      0   2490   2687 
    1    313     71      -     99     75      0      0      0      0   9501   1875      0      0  23439  23439      0      -      -      0   1891    706 
    0    333     62      -     99     75      0      0      0      0   9501   1950      0      0  23439      4      0      -      -      0   2444   1516 
    1    314     71      -     99     41      0      0      0      0   9501   1875      0      0  23439  23439      0      -      -      0    736    705 
    0    331     63      -     99     75      0      0      0      0   9501   1950      0      0  23439      4      0      -      -      0    756    678 
    1    312     71      -     99     73      0      0      0      0   9501   1875      0      0  23439  23439      0      -      -      0    647    663 
    0    330     63      -    100     20      0      0      0      0   9501   1950      0      0  23439      4      0      -      -      0    743    700 
    1    312     72      -     99     56      0      0      0      0   9501   1875      0      0  23439  23439      0      -      -      0    703    700 
    0    334     63      -     99     56      0      0      0      0   9501   1950      0      0  23439      4      0      -      -      0    780    689 
    1    316     72      -     99     43      0      0      0      0   9501   1875      0      0  23439  23439      0      -      -      0    646    706 
    0    331     62      -     99     74      0      0      0      0   9501   1950      0      0  23439      4      0      -      -      0   2561   2628 
    1    313     71      -    100     22      0      0      0      0   9501   1875      0      0  23439  23439      0      -      -      0   2614   2829 
    0    329     63      -     99     75      0      0      0      0   9501   1950      0      0  23439      4      0      -      -      0    706    670 
    1    310     71      -     99     74      0      0      0      0   9501   1875      0      0  23439  23439      0      -      -      0    650    705 
    0    329     62      -     99     74      0      0      0      0   9501   1950      0      0  23439      4      0      -      -      0    743    714 
    1    312     71      -     99     42      0      0      0      0   9501   1875      0      0  23439  23439      0      -      -      0    692   1205 
    0    329     63      -     99     76      0      0      0      0   9501   1950      0      0  23439      4      0      -      -      0    896    608 
    1    311     72      -    100     20      0      0      0      0   9501   1875      0      0  23439  23439      0      -      -      0    598   2404 
    0    329     63      -     99     68      0      0      0      0   9501   1950      0      0  23439      4      0      -      -      0    751    680 
    1    311     72      -     99     74      0      0      0      0   9501   1875      0      0  23439  23439      0      -      -      0    693    657 
    0    329     62      -     99     74      0      0      0      0   9501   1950      0      0  23439      4      0      -      -      0   2523   2719 
    1    311     71      -     99     74      0      0      0      0   9501   1875      0      0  23439  23439      0      -      -      0   2463   2618 
    0    332     63      -    100     22      0      0      0      0   9501   1950      0      0  23439      4      0      -      -      0    713   1498 
    1    313     72      -     99     50      0      0      0      0   9501   1875      0      0  23439  23439      0      -      -      0   2264   2442 
    0    335     63      -     99     47      0      0      0      0   9501   1950      0      0  23439      4      0      -      -      0    698    671 
    1    317     72      -     99     74      0      0      0      0   9501   1875      0      0  23439  23439      0      -      -      0    690    712 
# gpu    pwr  gtemp  mtemp     sm    mem    enc    dec    jpg    ofa   mclk   pclk  pviol  tviol     fb   bar1   ccpm  sbecc  dbecc    pci  rxpci  txpci 
# Idx      W      C      C      %      %      %      %      %      %    MHz    MHz      %   bool     MB     MB     MB   errs   errs   errs   MB/s   MB/s 
    0    331     62      -    100     23      0      0      0      0   9501   1950      0      0  23439      4      0      -      -      0    754    761 
    1    311     72      -     99     75      0      0      0      0   9501   1875      0      0  23439  23439      0      -      -      0    664    721 
    0    329     62      -     99     76      0      0      0      0   9501   1950      0      0  23439      4      0      -      -      0   1233    709 
    1    309     71      -     98     74      0      0      0      0   9501   1875      0      0  23439  23439      0      -      -      0    693    664 
    0    325     62      -     99     75      0      0      0      0   9501   1950      0      0  23439      4      0      -      -      0    783    712 
    1    310     71      -     99     76      0      0      0      0   9501   1875      0      0  23439  23439      0      -      -      0    691    702 
    0    330     62      -     99     73      0      0      0      0   9501   1950      0      0  23439      4      0      -      -      0    656    671 
    1    312     72      -     99     74      0      0      0      0   9501   1875      0      0  23439  23439      0      -      -      0    658    665 
    0    329     62      -     99     75      0      0      0      0   9501   1950      0      0  23439      4      0      -      -      0    743    713 
    1    312     71      -     99     73      0      0      0      0   9501   1875      0      0  23439  23439      0      -      -      0    651    672 
    0    329     62      -     99     76      0      0      0      0   9501   1950      0      0  23439      4      0      -      -      0    785   1643 
    1    311     72      -     99     75      0      0      0      0   9501   1875      0      0  23439  23439      0      -      -      0   2447   2632 
    0    330     62      -    100     22      0      0      0      0   9501   1950      0      0  23439      4      0      -      -      0    650    671 
    1    312     71      -    100     20      0      0      0      0   9501   1875      0      0  23439  23439      0      -      -      0    696    708 
    0    331     61      -     99     75      0      0      0      0   9501   1950      0      0  23439      4      0      -      -      0    774    707 
    1    313     71      -     99     74      0      0      0      0   9501   1875      0      0  23439  23439      0      -      -      0    656    703 
    0    331     62      -     99     60      0      0      0      0   9501   1950      0      0  23439      4      0      -      -      0    719    671 
    1    313     72      -    100     20      0      0      0      0   9501   1875      0      0  23439  23439      0      -      -      0    647    701 
    0    331     62      -     99     74      0      0      0      0   9501   1950      0      0  23439      4      0      -      -      0    681    718 
    1    313     72      -     98     74      0      0      0      0   9501   1875      0      0  23439  23439      0      -      -      0    670    708 
    0    328     61      -     99     76      0      0      0      0   9501   1950      0      0  23439      4      0      -      -      0    744    666 
    1    312     71      -     99     73      0      0      0      0   9501   1875      0      0  23439  23439      0      -      -      0    694    707 
    0    330     61      -     99     77      0      0      0      0   9501   1950      0      0  23439      4      0      -      -      0    744    707 
    1    314     71      -     99     54      0      0      0      0   9501   1875      0      0  23439  23439      0      -      -      0    685    757 
    0    327     62      -     99     74      0      0      0      0   9501   1950      0      0  23439      4      0      -      -      0    732    705 
    1    310     72      -     99     76      0      0      0      0   9501   1875      0      0  23439  23439      0      -      -      0    730    664 
    0    329     61      -     99     74      0      0      0      0   9501   1950      0      0  23439      4      0      -      -      0    766    675 
    1    312     71      -     99     76      0      0      0      0   9501   1875      0      0  23439  23439      0      -      -      0    701    715 
    0    329     61      -     99     73      0      0      0      0   9501   1950      0      0  23439      4      0      -      -      0    805   1245 
    1    313     71      -     99     43      0      0      0      0   9501   1875      0      0  23439  23439      0      -      -      0    666    591 
    0    332     61      -     99     52      0      0      0      0   9501   1950      0      0  23439      4      0      -      -      0   2838   2917 
    1    315     71      -     99     70      0      0      0      0   9501   1875      0      0  23439  23439      0      -      -      0   2695   3333 
    0    330     61      -    100     19      0      0      0      0   9501   1950      0      0  23439      4      0      -      -      0   2583   2768 
    1    313     71      -    100     21      0      0      0      0   9501   1875      0      0  23439  23439      0      -      -      0    652    743 
    0    332     61      -     99     56      0      0      0      0   9501   1950      0      0  23439      4      0      -      -      0   1032    714 
    1    315     72      -    100     20      0      0      0      0   9501   1875      0      0  23439  23439      0      -      -      0    690    661 
    0    329     61      -    100     22      0      0      0      0   9501   1950      0      0  23439      4      0      -      -      0   2432   2723 
    1    313     72      -     99     62      0      0      0      0   9501   1875      0      0  23439  23439      0      -      -      0    671    686 
    0    330     61      -     99     74      0      0      0      0   9501   1950      0      0  23439      4      0      -      -      0    760    714 
    1    313     71      -     99     75      0      0      0      0   9501   1875      0      0  23439  23439      0      -      -      0    688    728 
    0    329     61      -     99     74      0      0      0      0   9501   1950      0      0  23439      4      0      -      -      0    746    714 
    1    313     72      -     99     79      0      0      0      0   9501   1875      0      0  23439  23439      0      -      -      0    651    652 
    0    330     61      -     99     73      0      0      0      0   9501   1950      0      0  23439      4      0      -      -      0   2439   2635 
    1    313     71      -    100     20      0      0      0      0   9501   1875      0      0  23439  23439      0      -      -      0   2581   1127 
# gpu    pwr  gtemp  mtemp     sm    mem    enc    dec    jpg    ofa   mclk   pclk  pviol  tviol     fb   bar1   ccpm  sbecc  dbecc    pci  rxpci  txpci 
# Idx      W      C      C      %      %      %      %      %      %    MHz    MHz      %   bool     MB     MB     MB   errs   errs   errs   MB/s   MB/s 
    0    329     61      -    100     23      0      0      0      0   9501   1950      0      0  23439      4      0      -      -      0    795    673 
    1    312     71      -    100     34      0      0      0      0   9501   1875      0      0  23439  23439      0      -      -      0    695    706 
    0    329     61      -     99     72      0      0      0      0   9501   1950      0      0  23439      4      0      -      -      0    775    789 
    1    314     72      -     99     74      0      0      0      0   9501   1875      0      0  23439  23439      0      -      -      0    676    931 
    0    329     61      -    100     20      0      0      0      0   9501   1950      0      0  23439      4      0      -      -      0    741    694 
    1    312     72      -     99     76      0      0      0      0   9501   1875      0      0  23439  23439      0      -      -      0    759    659 
    0    327     61      -    100     20      0      0      0      0   9501   1950      0      0  23439      4      0      -      -      0    771    674 
    1    312     72      -     99     74      0      0      0      0   9501   1875      0      0  23439  23439      0      -      -      0    650    665 
    0    328     60      -     99     75      0      0      0      0   9501   1950      0      0  23439      4      0      -      -      0    757    705 
    1    312     71      -     99     75      0      0      0      0   9501   1875      0      0  23439  23439      0      -      -      0    653    748 
    0    329     61      -     99     75      0      0      0      0   9501   1950      0      0  23439      4      0      -      -      0    776    681 
    1    315     71      -     99     53      0      0      0      0   9501   1875      0      0  23439  23439      0      -      -      0    713    686 
    0    329     61      -     99     76      0      0      0      0   9501   1950      0      0  23439      4      0      -      -      0    756    610 
    1    313     72      -     99     74      0      0      0      0   9501   1875      0      0  23439  23439      0      -      -      0    581    658 
    0    329     61      -     99     75      0      0      0      0   9501   1950      0      0  23439      4      0      -      -      0    767    673 
    1    314     72      -     99     58      0      0      0      0   9501   1875      0      0  23439  23439      0      -      -      0    656    721 
    0    330     61      -     99     53      0      0      0      0   9501   1950      0      0  23439      4      0      -      -      0    767    678 
    1    314     72      -     99     75      0      0      0      0   9501   1875      0      0  23439  23439      0      -      -      0    660    664 
    0    329     61      -    100     19      0      0      0      0   9501   1950      0      0  23439      4      0      -      -      0    710    679 
    1    314     72      -    100     23      0      0      0      0   9501   1875      0      0  23439  23439      0      -      -      0    662    707 
    0    331     61      -     99     75      0      0      0      0   9501   1950      0      0  23439      4      0      -      -      0    766    748 
    1    315     71      -     99     74      0      0      0      0   9501   1875      0      0  23439  23439      0      -      -      0    668    786 
    0    329     61      -    100     22      0      0      0      0   9501   1950      0      0  23439      4      0      -      -      0   2493   2692 
    1    313     72      -    100     22      0      0      0      0   9501   1875      0      0  23439  23439      0      -      -      0    846    708 
    0    328     61      -     99     74      0      0      0      0   9501   1950      0      0  23439      4      0      -      -      0    740    606 
    1    311     72      -     99     75      0      0      0      0   9501   1875      0      0  23439  23439      0      -      -      0    639    665 
    0    328     61      -     99     75      0      0      0      0   9501   1950      0      0  23439      4      0      -      -      0    752   2552 
    1    313     72      -    100     25      0      0      0      0   9501   1875      0      0  23439  23439      0      -      -      0   2433   2634 
    0    329     61      -    100     22      0      0      0      0   9501   1950      0      0  23439      4      0      -      -      0   2588   2718 
    1    313     72      -     99     42      0      0      0      0   9501   1875      0      0  23439  23439      0      -      -      0   2703   2858 
    0    329     60      -    100     20      0      0      0      0   9501   1950      0      0  23439      4      0      -      -      0    752    773 
    1    313     72      -     99     63      0      0      0      0   9501   1875      0      0  23439  23439      0      -      -      0    662    632 
    0    329     60      -     99     75      0      0      0      0   9501   1950      0      0  23439      4      0      -      -      0    760    707 
    1    313     72      -     99     72      0      0      0      0   9501   1875      0      0  23439  23439      0      -      -      0    683    665 
    0    327     60      -     99     76      0      0      0      0   9501   1950      0      0  23439      4      0      -      -      0    732    674 
    1    312     72      -     99     76      0      0      0      0   9501   1875      0      0  23439  23439      0      -      -      0    734    671 
    0    329     60      -     99     74      0      0      0      0   9501   1950      0      0  23439      4      0      -      -      0    694    694 
    1    313     71      -     99     74      0      0      0      0   9501   1875      0      0  23439  23439      0      -      -      0    661    693 
    0    330     60      -     99     69      0      0      0      0   9501   1950      0      0  23439      4      0      -      -      0    689    713 
    1    315     72      -    100     20      0      0      0      0   9501   1875      0      0  23439  23439      0      -      -      0    699    665 
    0    328     61      -    100     20      0      0      0      0   9501   1950      0      0  23439      4      0      -      -      0   2528   2729 
    1    312     72      -     99     54      0      0      0      0   9501   1875      0      0  23439  23439      0      -      -      0    661    700 
    0    328     60      -     99     51      0      0      0      0   9501   1950      0      0  23439      4      0      -      -      0    661    696 
    1    313     72      -    100     20      0      0      0      0   9501   1875      0      0  23439  23439      0      -      -      0    675    684 
# gpu    pwr  gtemp  mtemp     sm    mem    enc    dec    jpg    ofa   mclk   pclk  pviol  tviol     fb   bar1   ccpm  sbecc  dbecc    pci  rxpci  txpci 
# Idx      W      C      C      %      %      %      %      %      %    MHz    MHz      %   bool     MB     MB     MB   errs   errs   errs   MB/s   MB/s 
    0    330     61      -     99     76      0      0      0      0   9501   1950      0      0  23439      4      0      -      -      0   2681   2899 
    1    314     72      -     99     74      0      0      0      0   9501   1875      0      0  23439  23439      0      -      -      0   2591   2898 
    0    329     60      -     99     76      0      0      0      0   9501   1950      0      0  23439      4      0      -      -      0    762    674 
    1    312     72      -     99     75      0      0      0      0   9501   1875      0      0  23439  23439      0      -      -      0    651   1505 
    0    326     61      -    100     21      0      0      0      0   9501   1950      0      0  23439      4      0      -      -      0    736    714 
    1    311     72      -     99     76      0      0      0      0   9501   1875      0      0  23439  23439      0      -      -      0    643    707 
    0    326     60      -     99     74      0      0      0      0   9501   1950      0      0  23439      4      0      -      -      0    685    716 
    1    311     72      -     99     73      0      0      0      0   9501   1875      0      0  23439  23439      0      -      -      0    684    665 
    0    329     60      -    100     22      0      0      0      0   9501   1950      0      0  23439      4      0      -      -      0    763    670 
    1    315     72      -     99     67      0      0      0      0   9501   1875      0      0  23439  23439      0      -      -      0    732    700 
    0    330     60      -     99     74      0      0      0      0   9501   1950      0      0  23439      4      0      -      -      0    770    751 
    1    316     72      -     99     75      0      0      0      0   9501   1875      0      0  23439  23439      0      -      -      0    691    792 
    0    327     60      -    100     35      0      0      0      0   9501   1950      0      0  23439      4      0      -      -      0   1618    711 
    1    313     72      -    100     29      0      0      0      0   9501   1875      0      0  23439  23439      0      -      -      0    649    678 
    0    332     60      -     99     45      0      0      0      0   9501   1950      0      0  23439      4      0      -      -      0   2734   2168 
    1    316     72      -    100     27      0      0      0      0   9501   1875      0      0  23439  23439      0      -      -      0    801   1195 
    0    325     60      -     99     74      0      0      0      0   9501   1950      0      0  23439      4      0      -      -      0    746    674 
    1    310     72      -     99     74      0      0      0      0   9501   1875      0      0  23439  23439      0      -      -      0    651    665 
    0    327     60      -     99     65      0      0      0      0   9501   1950      0      0  23439      4      0      -      -      0   2453   2736 
    1    315     72      -     99     56      0      0      0      0   9501   1875      0      0  23439  23439      0      -      -      0   2503   2627 
    0    330     60      -     99     73      0      0      0      0   9501   1950      0      0  23439      4      0      -      -      0   2425   2623 
    1    314     72      -     99     78      0      0      0      0   9501   1875      0      0  23439  23439      0      -      -      0    665    757 
    0    332     60      -     99     35      0      0      0      0   9501   1950      0      0  23439      4      0      -      -      0    749    758 
    1    316     72      -    100     26      0      0      0      0   9501   1875      0      0  23439  23439      0      -      -      0    671    598 
    0    327     60      -     99     76      0      0      0      0   9501   1950      0      0  23439      4      0      -      -      0    760    672 
    1    314     72      -     99     75      0      0      0      0   9501   1875      0      0  23439  23439      0      -      -      0    738    749 
    0    332     60      -     99     80      0      0      0      0   9501   1950      0      0  23439      4      0      -      -      0   2681   3081 
    1    319     72      -     99     67      0      0      0      0   9501   1875      0      0  23439  23439      0      -      -      0   2678   3004 
    0    330     60      -    100     20      0      0      0      0   9501   1950      0      0  23439      4      0      -      -      0    758    719 
    1    314     72      -     99     59      0      0      0      0   9501   1875      0      0  23439  23439      0      -      -      0    649    664 
    0    328     60      -     99     76      0      0      0      0   9501   1950      0      0  23439      4      0      -      -      0    998    610 
    1    313     71      -     99     74      0      0      0      0   9501   1875      0      0  23439  23439      0      -      -      0    662    714 
    0    331     60      -     99     76      0      0      0      0   9501   1950      0      0  23439      4      0      -      -      0    746    720 
    1    316     72      -     99     66      0      0      0      0   9501   1875      0      0  23439  23439      0      -      -      0    671    707 
    0    330     61      -    100     31      0      0      0      0   9501   1950      0      0  23439      4      0      -      -      0    836    605 
    1    314     72      -     99     74      0      0      0      0   9501   1875      0      0  23439  23439      0      -      -      0    595    665 
    0    327     60      -     99     73      0      0      0      0   9501   1950      0      0  23439      4      0      -      -      0    778    672 
    1    312     72      -     99     74      0      0      0      0   9501   1875      0      0  23439  23439      0      -      -      0    866    995 
    0    329     60      -     98     76      0      0      0      0   9501   1950      0      0  23439      4      0      -      -      0   2096    751 
    1    316     72      -     99     80      0      0      0      0   9501   1875      0      0  23439  23439      0      -      -      0    891   2546 
    0    326     60      -     99     75      0      0      0      0   9501   1950      0      0  23439      4      0      -      -      0   1703    712 
    1    316     72      -    100     22      0      0      0      0   9501   1875      0      0  23439  23439      0      -      -      0    699    664 
    0    324     60      -    100     22      0      0      0      0   9501   1950      0      0  23439      4      0      -      -      0    755    671 
    1    311     72      -     99     61      0      0      0      0   9501   1875      0      0  23439  23439      0      -      -      0    700    659 
# gpu    pwr  gtemp  mtemp     sm    mem    enc    dec    jpg    ofa   mclk   pclk  pviol  tviol     fb   bar1   ccpm  sbecc  dbecc    pci  rxpci  txpci 
# Idx      W      C      C      %      %      %      %      %      %    MHz    MHz      %   bool     MB     MB     MB   errs   errs   errs   MB/s   MB/s 
    0    328     60      -     99     75      0      0      0      0   9501   1950      0      0  23439      4      0      -      -      0    772    706 
    1    314     72      -     99     78      0      0      0      0   9501   1875      0      0  23439  23439      0      -      -      0    685    741 
    0    330     60      -     99     75      0      0      0      0   9501   1950      0      0  23439      4      0      -      -      0   2654   2899 
    1    317     72      -    100     25      0      0      0      0   9501   1875      0      0  23439  23439      0      -      -      0   2159    727 
    0    327     60      -     99     47      0      0      0      0   9501   1950      0      0  23439      4      0      -      -      0    758    672 
    1    312     72      -    100     22      0      0      0      0   9501   1875      0      0  23439  23439      0      -      -      0    699    693 
    0    325     60      -     99     75      0      0      0      0   9501   1950      0      0  23439      4      0      -      -      0   2599   2831 
    1    312     72      -     99     74      0      0      0      0   9501   1875      0      0  23439  23439      0      -      -      0   2594   2837 
    0    333     60      -     99     73      0      0      0      0   9501   1950      0      0  23439      4      0      -      -      0    811    743 
    1    318     72      -    100     22      0      0      0      0   9501   1875      0      0  23439  23439      0      -      -      0    616    664 
    0    328     60      -     99     50      0      0      0      0   9501   1950      0      0  23439      4      0      -      -      0    806    620 
    1    312     72      -    100     21      0      0      0      0   9501   1875      0      0  23439  23439      0      -      -      0    593    665 
    0    327     60      -     99     74      0      0      0      0   9501   1950      0      0  23439      4      0      -      -      0    774    679 
    1    312     72      -     99     74      0      0      0      0   9501   1875      0      0  23439  23439      0      -      -      0    709    686 
    0    327     60      -     99     77      0      0      0      0   9501   1950      0      0  23439      4      0      -      -      0    758    750 
    1    313     72      -     99     76      0      0      0      0   9501   1875      0      0  23439  23439      0      -      -      0    732    743 
    0    329     60      -     99     34      0      0      0      0   9501   1950      0      0  23439      4      0      -      -      0    766    679 
    1    314     72      -    100     25      0      0      0      0   9501   1875      0      0  23439  23439      0      -      -      0    663    859 
    0    327     60      -     99     75      0      0      0      0   9501   1950      0      0  23439      4      0      -      -      0    745    678 
    1    312     72      -     99     75      0      0      0      0   9501   1875      0      0  23439  23439      0      -      -      0    655    710 
    0    328     60      -     99     77      0      0      0      0   9501   1950      0      0  23439      4      0      -      -      0    771    717 
    1    315     72      -     99     75      0      0      0      0   9501   1875      0      0  23439  23439      0      -      -      0    646    764 
    0    328     60      -     99     76      0      0      0      0   9501   1950      0      0  23439      4      0      -      -      0   2723   2809 
    1    313     72      -     99     65      0      0      0      0   9501   1875      0      0  23439  23439      0      -      -      0   2701   2808 
    0    326     60      -    100     32      0      0      0      0   9501   1950      0      0  23439      4      0      -      -      0    752    703 
    1    311     72      -     99     74      0      0      0      0   9501   1875      0      0  23439  23439      0      -      -      0    607    658 
    0    328     60      -     99     74      0      0      0      0   9501   1950      0      0  23439      4      0      -      -      0    755    673 
    1    313     72      -     99     75      0      0      0      0   9501   1875      0      0  23439  23439      0      -      -      0    695    658 
    0    326     60      -     99     59      0      0      0      0   9501   1950      0      0  23439      4      0      -      -      0   1277    712 
    1    311     72      -    100     20      0      0      0      0   9501   1875      0      0  23439  23439      0      -      -      0    649    664 
    0    328     60      -     99     72      0      0      0      0   9501   1950      0      0  23439      4      0      -      -      0    757    714 
    1    313     72      -     99     74      0      0      0      0   9501   1875      0      0  23439  23439      0      -      -      0    653    707 
    0    328     60      -     99     78      0      0      0      0   9501   1950      0      0  23439      4      0      -      -      0    677    715 
    1    315     72      -     99     44      0      0      0      0   9501   1875      0      0  23439  23439      0      -      -      0    642    747 
    0    329     60      -    100     22      0      0      0      0   9501   1950      0      0  23439      4      0      -      -      0   2527   2729 
    1    314     72      -     99     49      0      0      0      0   9501   1875      0      0  23439  23439      0      -      -      0   2523   2728 
    0    328     60      -     99     71      0      0      0      0   9501   1950      0      0  23439      4      0      -      -      0    741    658 
    1    311     72      -     99     66      0      0      0      0   9501   1875      0      0  23439  23439      0      -      -      0    638    708 
    0    328     59      -     99     73      0      0      0      0   9501   1950      0      0  23439      4      0      -      -      0   2666   2718 
    1    312     72      -     99     74      0      0      0      0   9501   1875      0      0  23439  23439      0      -      -      0   2703   1755 
    0    329     60      -     99     75      0      0      0      0   9501   1950      0      0  23439      4      0      -      -      0   2738   2807 
    1    314     72      -     99     40      0      0      0      0   9501   1875      0      0  23439  23439      0      -      -      0   2431   2958 
    0    322     60      -     99     73      0      0      0      0   9501   1950      0      0  23439      4      0      -      -      0    762    673 
    1    307     72      -     99     75      0      0      0      0   9501   1875      0      0  23439  23439      0      -      -      0    660    665 
# gpu    pwr  gtemp  mtemp     sm    mem    enc    dec    jpg    ofa   mclk   pclk  pviol  tviol     fb   bar1   ccpm  sbecc  dbecc    pci  rxpci  txpci 
# Idx      W      C      C      %      %      %      %      %      %    MHz    MHz      %   bool     MB     MB     MB   errs   errs   errs   MB/s   MB/s 
    0    327     60      -     99     74      0      0      0      0   9501   1950      0      0  23439      4      0      -      -      0   2618   2830 
    1    313     72      -     99     74      0      0      0      0   9501   1875      0      0  23439  23439      0      -      -      0   2458   2629 
    0    328     59      -     99     40      0      0      0      0   9501   1950      0      0  23439      4      0      -      -      0    861   2135 
    1    315     72      -     99     76      0      0      0      0   9501   1875      0      0  23439  23439      0      -      -      0   1866   2134 
    0    328     60      -     98     68      0      0      0      0   9501   1950      0      0  23439      4      0      -      -      0   2528   2732 
    1    314     72      -    100     23      0      0      0      0   9501   1875      0      0  23439  23439      0      -      -      0   2345   2542 
    0    327     59      -     99     72      0      0      0      0   9501   1950      0      0  23439      4      0      -      -      0    759    683 
    1    312     72      -    100     20      0      0      0      0   9501   1875      0      0  23439  23439      0      -      -      0    660    680 
    0    328     60      -    100     32      0      0      0      0   9501   1950      0      0  23439      4      0      -      -      0   1842   2630 
    1    313     72      -    100     42      0      0      0      0   9501   1875      0      0  23439  23439      0      -      -      0   2509   2627 
    0    326     60      -     99     75      0      0      0      0   9501   1950      0      0  23439      4      0      -      -      0   2578   2761 
    1    311     72      -     99     74      0      0      0      0   9501   1875      0      0  23439  23439      0      -      -      0   2672   2775 
    0    328     60      -     99     74      0      0      0      0   9501   1950      0      0  23439      4      0      -      -      0    742    675 
    1    312     72      -     99     73      0      0      0      0   9501   1875      0      0  23439  23439      0      -      -      0    698    658 
    0    328     60      -     99     76      0      0      0      0   9501   1950      0      0  23439      4      0      -      -      0   2617   2830 
    1    314     72      -     99     68      0      0      0      0   9501   1875      0      0  23439  23439      0      -      -      0   2368    680 
    0    329     60      -     99     73      0      0      0      0   9501   1950      0      0  23439      4      0      -      -      0    718    707 
    1    313     72      -     99     59      0      0      0      0   9501   1875      0      0  23439  23439      0      -      -      0    693   2397 
    0    325     60      -     99     74      0      0      0      0   9501   1950      0      0  23439      4      0      -      -      0    728    673 
    1    311     72      -     99     72      0      0      0      0   9501   1875      0      0  23439  23439      0      -      -      0    696    708 
    0    329     59      -     99     52      0      0      0      0   9501   1950      0      0  23439      4      0      -      -      0    789    676 
    1    314     72      -     99     69      0      0      0      0   9501   1875      0      0  23439  23439      0      -      -      0    649    701 
    0    329     60      -     99     76      0      0      0      0   9501   1950      0      0  23439      4      0      -      -      0   2844   2899 
    1    316     73      -     99     78      0      0      0      0   9501   1875      0      0  23439  23439      0      -      -      0   2765   2891 
    0    328     60      -    100     27      0      0      0      0   9501   1950      0      0  23439      4      0      -      -      0    685    674 
    1    312     72      -    100     21      0      0      0      0   9501   1875      0      0  23439  23439      0      -      -      0    655    707 
    0    328     59      -     99     75      0      0      0      0   9501   1950      0      0  23439      4      0      -      -      0   2323   2529 
    1    312     72      -     99     75      0      0      0      0   9501   1875      0      0  23439  23439      0      -      -      0   2265   2768 
    0    330     60      -     99     66      0      0      0      0   9501   1950      0      0  23439      4      0      -      -      0    756    713 
    1    316     72      -     99     75      0      0      0      0   9501   1875      0      0  23439  23439      0      -      -      0    653    708 
    0    329     60      -    100     23      0      0      0      0   9501   1950      0      0  23439      4      0      -      -      0   2542   2745 
    1    314     72      -     99     78      0      0      0      0   9501   1875      0      0  23439  23439      0      -      -      0   2346   2523 
    0    329     60      -     99     67      0      0      0      0   9501   1950      0      0  23439      4      0      -      -      0   2513   2713 
    1    314     72      -     99     73      0      0      0      0   9501   1875      0      0  23439  23439      0      -      -      0   2397   1979 
    0    327     60      -     99     76      0      0      0      0   9501   1950      0      0  23439      4      0      -      -      0    766    713 
    1    313     72      -     99     74      0      0      0      0   9501   1875      0      0  23439  23439      0      -      -      0    647    701 
    0    327     60      -    100     21      0      0      0      0   9501   1950      0      0  23439      4      0      -      -      0   2421   1980 
    1    312     72      -    100     27      0      0      0      0   9501   1875      0      0  23439  23439      0      -      -      0    692    728 
    0    327     60      -     99     74      0      0      0      0   9501   1950      0      0  23439      4      0      -      -      0    753    703 
    1    313     72      -     99     57      0      0      0      0   9501   1875      0      0  23439  23439      0      -      -      0    685    657 
    0    329     60      -     99     41      0      0      0      0   9501   1950      0      0  23439      4      0      -      -      0    790    714 
    1    314     72      -     99     60      0      0      0      0   9501   1875      0      0  23439  23439      0      -      -      0    652    750 
    0    328     60      -     99     77      0      0      0      0   9501   1950      0      0  23439      4      0      -      -      0   2617   2588 
    1    314     72      -     99     74      0      0      0      0   9501   1875      0      0  23439  23439      0      -      -      0   2431   2673 
# gpu    pwr  gtemp  mtemp     sm    mem    enc    dec    jpg    ofa   mclk   pclk  pviol  tviol     fb   bar1   ccpm  sbecc  dbecc    pci  rxpci  txpci 
# Idx      W      C      C      %      %      %      %      %      %    MHz    MHz      %   bool     MB     MB     MB   errs   errs   errs   MB/s   MB/s 
    0    329     60      -    100     20      0      0      0      0   9501   1950      0      0  23439      4      0      -      -      0    692    672 
    1    315     72      -     99     57      0      0      0      0   9501   1875      0      0  23439  23439      0      -      -      0    650    704 
    0    327     59      -     99     76      0      0      0      0   9501   1950      0      0  23439      4      0      -      -      0    752    714 
    1    313     72      -     99     74      0      0      0      0   9501   1875      0      0  23439  23439      0      -      -      0    702    665 
    0    329     60      -     99     46      0      0      0      0   9501   1950      0      0  23439      4      0      -      -      0   2468   2560 
    1    315     73      -    100     22      0      0      0      0   9501   1875      0      0  23439  23439      0      -      -      0   2480   2681 
    0    328     60      -     99     76      0      0      0      0   9501   1950      0      0  23439      4      0      -      -      0    721    700 
    1    313     72      -     99     75      0      0      0      0   9501   1875      0      0  23439  23439      0      -      -      0    664   2007 
    0    329     59      -     98     73      0      0      0      0   9501   1950      0      0  23439      4      0      -      -      0    756    694 
    1    315     72      -     99     77      0      0      0      0   9501   1875      0      0  23439  23439      0      -      -      0    678    665 
    0    329     60      -     99     75      0      0      0      0   9501   1950      0      0  23439      4      0      -      -      0    761   2072 
    1    315     72      -    100     45      0      0      0      0   9501   1875      0      0  23439  23439      0      -      -      0   2419   2657 
    0    328     60      -     99     75      0      0      0      0   9501   1950      0      0  23439      4      0      -      -      0    753    671 
    1    313     72      -     99     75      0      0      0      0   9501   1875      0      0  23439  23439      0      -      -      0    646    705 
    0    327     60      -     99     71      0      0      0      0   9501   1950      0      0  23439      4      0      -      -      0    759    715 
    1    313     73      -    100     20      0      0      0      0   9501   1875      0      0  23439  23439      0      -      -      0    695    713 
    0    329     60      -    100     36      0      0      0      0   9501   1950      0      0  23439      4      0      -      -      0    757    732 
    1    314     72      -     99     77      0      0      0      0   9501   1875      0      0  23439  23439      0      -      -      0    593    658 
    0    324     59      -    100     27      0      0      0      0   9501   1950      0      0  23439      4      0      -      -      0    724    658 
    1    311     72      -     99     48      0      0      0      0   9501   1875      0      0  23439  23439      0      -      -      0    646    707 
    0    327     60      -     99     74      0      0      0      0   9501   1950      0      0  23439      4      0      -      -      0   2681   3091 
    1    313     72      -     99     74      0      0      0      0   9501   1875      0      0  23439  23439      0      -      -      0   2677    881 
    0    327     59      -    100     34      0      0      0      0   9501   1950      0      0  23439      4      0      -      -      0    729    713 
    1    312     72      -     99     75      0      0      0      0   9501   1875      0      0  23439  23439      0      -      -      0    653    685 
    0    325     59      -     99     52      0      0      0      0   9501   1950      0      0  23439      4      0      -      -      0   2536   2740 
    1    311     72      -     99     74      0      0      0      0   9501   1875      0      0  23439  23439      0      -      -      0   2532   2252 
    0    325     60      -    100     31      0      0      0      0   9501   1950      0      0  23439      4      0      -      -      0    755    672 
    1    312     72      -    100     36      0      0      0      0   9501   1875      0      0  23439  23439      0      -      -      0    649    707 
    0    330     60      -     99     45      0      0      0      0   9501   1950      0      0  23439      4      0      -      -      0    749    715 
    1    316     73      -    100     29      0      0      0      0   9501   1875      0      0  23439  23439      0      -      -      0    647    720 
    0    329     60      -     99     75      0      0      0      0   9501   1950      0      0  23439      4      0      -      -      0   2372   2163 
    1    317     72      -     99     46      0      0      0      0   9501   1875      0      0  23439  23439      0      -      -      0    704    756 
    0    330     60      -     99     74      0      0      0      0   9501   1950      0      0  23439      4      0      -      -      0    767    672 
    1    316     72      -     99     75      0      0      0      0   9501   1875      0      0  23439  23439      0      -      -      0    646    706 
    0    324     60      -    100     19      0      0      0      0   9501   1950      0      0  23439      4      0      -      -      0    735    670 
    1    309     72      -     99     47      0      0      0      0   9501   1875      0      0  23439  23439      0      -      -      0    655    658 
    0    329     59      -     99     62      0      0      0      0   9501   1950      0      0  23439      4      0      -      -      0    746    666 
    1    314     72      -     99     58      0      0      0      0   9501   1875      0      0  23439  23439      0      -      -      0    694    708 
    0    327     60      -    100     34      0      0      0      0   9501   1950      0      0  23439      4      0      -      -      0    775    714 
    1    313     72      -    100     22      0      0      0      0   9501   1875      0      0  23439  23439      0      -      -      0    682    678 
    0    328     59      -     99     75      0      0      0      0   9501   1950      0      0  23439      4      0      -      -      0   2729   1329 
    1    316     72      -    100     42      0      0      0      0   9501   1875      0      0  23439  23439      0      -      -      0   1810   2632 
    0    331     60      -    100     29      0      0      0      0   9501   1950      0      0  23439      4      0      -      -      0    759    705 
    1    317     72      -    100     46      0      0      0      0   9501   1875      0      0  23439  23439      0      -      -      0    687    666 
# gpu    pwr  gtemp  mtemp     sm    mem    enc    dec    jpg    ofa   mclk   pclk  pviol  tviol     fb   bar1   ccpm  sbecc  dbecc    pci  rxpci  txpci 
# Idx      W      C      C      %      %      %      %      %      %    MHz    MHz      %   bool     MB     MB     MB   errs   errs   errs   MB/s   MB/s 
    0    329     60      -     99     67      0      0      0      0   9501   1950      0      0  23439      4      0      -      -      0    742    690 
    1    316     73      -     99     75      0      0      0      0   9501   1875      0      0  23439  23439      0      -      -      0    658    684 
    0    329     60      -     99     51      0      0      0      0   9501   1950      0      0  23439      4      0      -      -      0   2010    700 
    1    316     73      -    100     22      0      0      0      0   9501   1875      0      0  23439  23439      0      -      -      0    743    679 
    0    328     60      -     99     76      0      0      0      0   9501   1950      0      0  23439      4      0      -      -      0    774    631 
    1    314     72      -     99     76      0      0      0      0   9501   1875      0      0  23439  23439      0      -      -      0    623    662 
    0    331     60      -    100     22      0      0      0      0   9501   1950      0      0  23439      4      0      -      -      0    828    605 
    1    316     72      -     99     54      0      0      0      0   9501   1875      0      0  23439  23439      0      -      -      0    645    736 
    0    328     60      -     99     75      0      0      0      0   9501   1950      0      0  23439      4      0      -      -      0    756    797 
    1    314     72      -     99     74      0      0      0      0   9501   1875      0      0  23439  23439      0      -      -      0    941   2000 
    0    327     60      -     99     56      0      0      0      0   9501   1950      0      0  23439      4      0      -      -      0    689    783 
    1    313     73      -    100     22      0      0      0      0   9501   1875      0      0  23439  23439      0      -      -      0    630    701 
    0    327     60      -     99     76      0      0      0      0   9501   1950      0      0  23439      4      0      -      -      0    669   2754 
    1    313     72      -     99     75      0      0      0      0   9501   1875      0      0  23439  23439      0      -      -      0   2349   2591 
    0    330     60      -     99     74      0      0      0      0   9501   1950      0      0  23439      4      0      -      -      0   2636   2899 
    1    316     72      -     99     74      0      0      0      0   9501   1875      0      0  23439  23439      0      -      -      0   2678   2981 
    0    328     60      -     99     77      0      0      0      0   9501   1950      0      0  23439      4      0      -      -      0    765    712 
    1    314     72      -     99     73      0      0      0      0   9501   1875      0      0  23439  23439      0      -      -      0    657   1237 
    0    328     60      -    100     22      0      0      0      0   9501   1950      0      0  23439      4      0      -      -      0   2618   2830 
    1    314     72      -     99     45      0      0      0      0   9501   1875      0      0  23439  23439      0      -      -      0   2428    752 
    0    331     60      -     99     38      0      0      0      0   9501   1950      0      0  23439      4      0      -      -      0    742    707 
    1    316     72      -     99     76      0      0      0      0   9501   1875      0      0  23439  23439      0      -      -      0    648   1077 
    0    327     60      -     99     74      0      0      0      0   9501   1950      0      0  23439      4      0      -      -      0    705    642 
    1    313     72      -     99     62      0      0      0      0   9501   1875      0      0  23439  23439      0      -      -      0    591    709 
    0    328     60      -    100     23      0      0      0      0   9501   1950      0      0  23439      4      0      -      -      0    740    713 
    1    315     72      -    100     22      0      0      0      0   9501   1875      0      0  23439  23439      0      -      -      0    659    701 
    0    330     60      -     99     59      0      0      0      0   9501   1950      0      0  23439      4      0      -      -      0    731    604 
    1    315     72      -     99     56      0      0      0      0   9501   1875      0      0  23439  23439      0      -      -      0    633    703 
    0    328     60      -    100     20      0      0      0      0   9501   1950      0      0  23439      4      0      -      -      0    748    708 
    1    314     73      -    100     21      0      0      0      0   9501   1875      0      0  23439  23439      0      -      -      0    650    657 
    0    326     60      -     99     74      0      0      0      0   9501   1950      0      0  23439      4      0      -      -      0   2542   2722 
    1    312     72      -     99     74      0      0      0      0   9501   1875      0      0  23439  23439      0      -      -      0   2703   1740 
    0    328     60      -     99     76      0      0      0      0   9501   1950      0      0  23439      4      0      -      -      0    778    682 
    1    314     72      -     99     75      0      0      0      0   9501   1875      0      0  23439  23439      0      -      -      0    701    727 
    0    327     60      -     98     69      0      0      0      0   9501   1950      0      0  23439      4      0      -      -      0    689    694 
    1    312     72      -     99     68      0      0      0      0   9501   1875      0      0  23439  23439      0      -      -      0    632    708 
    0    331     60      -     99     80      0      0      0      0   9501   1950      0      0  23439      4      0      -      -      0    758    706 
    1    316     72      -     99     78      0      0      0      0   9501   1875      0      0  23439  23439      0      -      -      0    688    700 
    0    332     61      -    100     20      0      0      0      0   9501   1950      0      0  23439      4      0      -      -      0    731    659 
    1    316     72      -    100     20      0      0      0      0   9501   1875      0      0  23439  23439      0      -      -      0    607    658 
    0    328     61      -     99     47      0      0      0      0   9501   1950      0      0  23439      4      0      -      -      0    747    665 
    1    313     73      -     99     45      0      0      0      0   9501   1875      0      0  23439  23439      0      -      -      0    643    665 
    0    327     61      -     99     75      0      0      0      0   9501   1950      0      0  23439      4      0      -      -      0    766    679 
    1    312     72      -     99     73      0      0      0      0   9501   1875      0      0  23439  23439      0      -      -      0    692    656 
# gpu    pwr  gtemp  mtemp     sm    mem    enc    dec    jpg    ofa   mclk   pclk  pviol  tviol     fb   bar1   ccpm  sbecc  dbecc    pci  rxpci  txpci 
# Idx      W      C      C      %      %      %      %      %      %    MHz    MHz      %   bool     MB     MB     MB   errs   errs   errs   MB/s   MB/s 
    0    330     61      -     99     48      0      0      0      0   9501   1950      0      0  23439      4      0      -      -      0   2414   2607 
    1    315     72      -     99     46      0      0      0      0   9501   1875      0      0  23439  23439      0      -      -      0   2402   2895 
    0    327     60      -     99     75      0      0      0      0   9501   1950      0      0  23439      4      0      -      -      0   1024    650 
    1    312     72      -     99     75      0      0      0      0   9501   1875      0      0  23439  23439      0      -      -      0    595    714 
    0    328     60      -     99     76      0      0      0      0   9501   1950      0      0  23439      4      0      -      -      0    728    683 
    1    314     72      -     99     76      0      0      0      0   9501   1875      0      0  23439  23439      0      -      -      0    650    714 
    0    332     61      -     99     45      0      0      0      0   9501   1950      0      0  23439      4      0      -      -      0    720    672 
    1    317     73      -     99     43      0      0      0      0   9501   1875      0      0  23439  23439      0      -      -      0    682    664 
    0    331     61      -     99     74      0      0      0      0   9501   1950      0      0  23439      4      0      -      -      0   2396    703 
    1    316     73      -     99     74      0      0      0      0   9501   1875      0      0  23439  23439      0      -      -      0    622    665 
    0    328     61      -     99     74      0      0      0      0   9501   1950      0      0  23439      4      0      -      -      0    863    714 
    1    313     72      -     99     73      0      0      0      0   9501   1875      0      0  23439  23439      0      -      -      0    695    700 
    0    333     61      -     99     55      0      0      0      0   9501   1950      0      0  23439      4      0      -      -      0   2503   2703 
    1    318     72      -     99     53      0      0      0      0   9501   1875      0      0  23439  23439      0      -      -      0   2499   1742 
    0    329     61      -    100     22      0      0      0      0   9501   1950      0      0  23439      4      0      -      -      0   2557   2693 
    1    315     72      -    100     22      0      0      0      0   9501   1875      0      0  23439  23439      0      -      -      0   2492   2829 
    0    327     61      -     99     74      0      0      0      0   9501   1950      0      0  23439      4      0      -      -      0    773    721 
    1    312     72      -     99     74      0      0      0      0   9501   1875      0      0  23439  23439      0      -      -      0    657   2538 
    0    331     61      -    100     20      0      0      0      0   9501   1950      0      0  23439      4      0      -      -      0    774    674 
    1    316     73      -    100     20      0      0      0      0   9501   1875      0      0  23439  23439      0      -      -      0    690    700 
    0    335     61      -     99     74      0      0      0      0   9501   1950      0      0  23439      4      0      -      -      0    772    678 
    1    319     73      -     99     74      0      0      0      0   9501   1875      0      0  23439  23439      0      -      -      0    648    706 
    0    327     61      -     99     74      0      0      0      0   9501   1950      0      0  23439      4      0      -      -      0    769    718 
    1    311     72      -     99     73      0      0      0      0   9501   1875      0      0  23439  23439      0      -      -      0    650    707 
    0    333     61      -     99     75      0      0      0      0   9501   1950      0      0  23439      4      0      -      -      0   2432   2665 
    1    318     72      -     99     76      0      0      0      0   9501   1875      0      0  23439  23439      0      -      -      0   1355    742 
    0    330     61      -     99     83      0      0      0      0   9501   1950      0      0  23439      4      0      -      -      0    754    730 
    1    315     73      -     99     83      0      0      0      0   9501   1875      0      0  23439  23439      0      -      -      0    711    729 
    0    347     61      -     99     86      0      0      0      0   9501   1950      0      0  23439      4      0      -      -      0    511    420 
    1    331     72      -     99     86      0      0      0      0   9501   1875      0      0  23439  23439      0      -      -      0    435    414 
    0    350     61      -     96     87      0      0      0      0   9501   1950      0      0  23439      4      0      -      -      0      0      0 
    1    334     73      -     97     88      0      0      0      0   9501   1875      0      0  23439  23439      0      -      -      0      0      0 
